29.997,0.39682,0.034091,-0.06318611150475574,0.9980017611772579,0.0,0.0,0.0,1.0,0.9980017611772579,0.06318611150475574,0.0,0.004026402283975113
29.994,0.59521,0.068182,-0.06978514306579613,0.9975620450915754,0.0,0.0,0.0,1.0,0.9975620450915754,0.06978514306579613,0.0,0.004026148598549239
29.99,0.79357,0.10227,-0.07638090133270484,0.9970787119939949,0.0,0.0,0.0,1.0,0.9970787119939949,0.07638090133270484,0.0,0.004026557686163205
29.984,0.9919,0.13636,-0.0829741415881917,0.9965517005292314,0.0,0.0,0.0,1.0,0.9965517005292314,0.0829741415881917,0.0,0.004027357351912046
29.976,1.1902,0.17045,-0.08956310338413814,0.9959811496771424,0.0,0.0,0.0,1.0,0.9959811496771424,0.08956310338413814,0.0,0.004025421717037858
29.968,1.3884,0.20455,-0.09614771757591688,0.9953670762110537,0.0,0.0,0.0,1.0,0.9953670762110537,0.09614771757591688,0.0,0.004027176087533298
29.958,1.5866,0.23864,-0.10272992618857457,0.9947092853016354,0.0,0.0,0.0,1.0,0.9947092853016354,0.10272992618857457,0.0,0.004026250767152983
29.947,1.7847,0.27273,-0.10930975098173996,0.9940077355535571,0.0,0.0,0.0,1.0,0.9940077355535571,0.10930975098173996,0.0,0.0040266675104855595
29.934,1.9827,0.30682,-0.1158803707018988,0.993263177453987,0.0,0.0,0.0,1.0,0.993263177453987,0.1158803707018988,0.0,0.004026667510485565
29.921,2.1807,0.34091,-0.12243950387613542,0.9924759784954826,0.0,0.0,0.0,1.0,0.9924759784954826,0.12243950387613542,0.0,0.004025517015241645
29.906,2.3785,0.375,-0.12901042123906462,0.991643237869204,0.0,0.0,0.0,1.0,0.991643237869204,0.12901042123906462,0.0,0.004026731582810062
29.889,2.5762,0.40909,-0.13555988433357805,0.9907691546265794,0.0,0.0,0.0,1.0,0.9907691546265794,0.13555988433357805,0.0,0.004028469590303491
29.871,2.7739,0.44318,-0.14211012259845562,0.9898508539447,0.0,0.0,0.0,1.0,0.9898508539447,0.14211012259845562,0.0,0.004026381904390096
29.852,2.9714,0.47727,-0.14865976008563975,0.9888884040837368,0.0,0.0,0.0,1.0,0.9888884040837368,0.14865976008563975,0.0,0.004024396506309979
29.832,3.1687,0.51136,-0.15519071151224567,0.9878845292139781,0.0,0.0,0.0,1.0,0.9878845292139781,0.15519071151224567,0.0,0.004026433563341143
29.811,3.366,0.54545,-0.16171947085475702,0.9868367710753674,0.0,0.0,0.0,1.0,0.9868367710753674,0.16171947085475702,0.0,0.0040269204114310436
29.788,3.5631,0.57955,-0.16824906411718377,0.9857445168113752,0.0,0.0,0.0,1.0,0.9857445168113752,0.16824906411718377,0.0,0.004027740711614881
29.763,3.76,0.61364,-0.17476018265070037,0.9846110290667548,0.0,0.0,0.0,1.0,0.9846110290667548,0.17476018265070037,0.0,0.004025785294821379
29.738,3.9568,0.64773,-0.18127060020607802,0.9834332562512458,0.0,0.0,0.0,1.0,0.9834332562512458,0.18127060020607802,0.0,0.004027042989589273
29.711,4.1534,0.68182,-0.18777055796104197,0.9822129186500242,0.0,0.0,0.0,1.0,0.9822129186500242,0.18777055796104197,0.0,0.004025870743081542
29.683,4.3498,0.71591,-0.1942600145597886,0.9809500735222108,0.0,0.0,0.0,1.0,0.9809500735222108,0.1942600145597886,0.0,0.004024801515602977
29.654,4.546,0.75,-0.20075049263227587,0.9796424039964269,0.0,0.0,0.0,1.0,0.9796424039964269,0.20075049263227587,0.0,0.004026866181039535
29.623,4.742,0.78409,-0.2072208856121523,0.9782941809936903,0.0,0.0,0.0,1.0,0.9782941809936903,0.2072208856121523,0.0,0.00402610323265562
29.591,4.9378,0.81818,-0.21369031774705424,0.9769014526046951,0.0,0.0,0.0,1.0,0.9769014526046951,0.21369031774705424,0.0,0.004025443483642516
29.558,5.1334,0.85227,-0.2201396323120862,0.9754683707253143,0.0,0.0,0.0,1.0,0.9754683707253143,0.2201396323120862,0.0,0.004028314193307176
29.523,5.3288,0.88636,-0.22659005118669834,0.9739902200244155,0.0,0.0,0.0,1.0,0.9739902200244155,0.22659005118669834,0.0,0.004027960680046419
29.487,5.524,0.92045,-0.23302989725714093,0.9724695712382605,0.0,0.0,0.0,1.0,0.9724695712382605,0.23302989725714093,0.0,0.004025807745037002
29.45,5.7189,0.95455,-0.23944969702449004,0.9709087715099087,0.0,0.0,0.0,1.0,0.9709087715099087,0.23944969702449004,0.0,0.004027519738002533
29.411,5.9135,0.98864,-0.24587067037959023,0.9693026428557238,0.0,0.0,0.0,1.0,0.9693026428557238,0.24587067037959023,0.0,0.004023552837977902
29.372,6.1079,1.0227,-0.2522692395985906,0.9676570832440329,0.0,0.0,0.0,1.0,0.9676570832440329,0.2522692395985906,0.0,0.004025847488417808
29.331,6.302,1.0568,-0.25866893819205494,0.9659660348141621,0.0,0.0,0.0,1.0,0.9659660348141621,0.25866893819205494,0.0,0.004030335966144758
29.288,6.4959,1.0909,-0.26505119334267413,0.9642343412820474,0.0,0.0,0.0,1.0,0.9642343412820474,0.26505119334267413,0.0,0.004022638934828729
29.245,6.6894,1.125,-0.2714202621920999,0.9624609297377072,0.0,0.0,0.0,1.0,0.9624609297377072,0.2714202621920999,0.0,0.00402754019222652
29.2,6.8827,1.1591,-0.27778125862973435,0.9606443526894232,0.0,0.0,0.0,1.0,0.9606443526894232,0.27778125862973435,0.0,0.004026304012366683
29.154,7.0757,1.1932,-0.2841288462971619,0.9587861068569171,0.0,0.0,0.0,1.0,0.9587861068569171,0.2841288462971619,0.0,0.004029893298835571
29.106,7.2684,1.2273,-0.29046835987503644,0.9568845969663774,0.0,0.0,0.0,1.0,0.9568845969663774,0.29046835987503644,0.0,0.004027063446234759
29.057,7.4607,1.2614,-0.29679078535397574,0.9549425269245109,0.0,0.0,0.0,1.0,0.9549425269245109,0.29679078535397574,0.0,0.0040213336096374805
29.008,7.6527,1.2955,-0.30309964058465927,0.9529588699820419,0.0,0.0,0.0,1.0,0.9529588699820419,0.30309964058465927,0.0,0.004030329515064491
28.956,7.8444,1.3295,-0.3093915412378015,0.9509347370931917,0.0,0.0,0.0,1.0,0.9509347370931917,0.3093915412378015,0.0,0.004023058537978286
28.904,8.0357,1.3636,-0.3156787153007304,0.948866138454777,0.0,0.0,0.0,1.0,0.948866138454777,0.3156787153007304,0.0,0.004027893245854435
28.85,8.2267,1.3977,-0.32194002234263835,0.9467600657051509,0.0,0.0,0.0,1.0,0.9467600657051509,0.32194002234263835,0.0,0.004027619644405391
28.795,8.4174,1.4318,-0.3281994597677239,0.9446084451285487,0.0,0.0,0.0,1.0,0.9446084451285487,0.3281994597677239,0.0,0.004023672451877749
28.739,8.6076,1.4659,-0.33443906858849093,0.9424173753712644,0.0,0.0,0.0,1.0,0.9424173753712644,0.33443906858849093,0.0,0.004029333443635554
28.681,8.7975,1.5,-0.3406709400316553,0.9401825942964209,0.0,0.0,0.0,1.0,0.9401825942964209,0.3406709400316553,0.0,0.004027607726678475
28.622,8.987,1.5341,-0.346879843470506,0.937909576768399,0.0,0.0,0.0,1.0,0.937909576768399,0.346879843470506,0.0,0.004025996522601567
28.562,9.1761,1.5682,-0.3530689787671093,0.9355972938355211,0.0,0.0,0.0,1.0,0.9355972938355211,0.3530689787671093,0.0,0.004024499968940254
28.501,9.3648,1.6023,-0.35925045623040663,0.9332411851703957,0.0,0.0,0.0,1.0,0.9332411851703957,0.35925045623040663,0.0,0.004029327487311016
28.438,9.5531,1.6364,-0.3654209351133694,0.9308423820287034,0.0,0.0,0.0,1.0,0.9308423820287034,0.3654209351133694,0.0,0.00402185131500405
28.375,9.741,1.6705,-0.3715596355559102,0.9284090893703913,0.0,0.0,0.0,1.0,0.9284090893703913,0.3715596355559102,0.0,0.004031414640048822
28.309,9.9284,1.7045,-0.377699309774027,0.9259283079138598,0.0,0.0,0.0,1.0,0.9259283079138598,0.377699309774027,0.0,0.004016882871083022
28.243,10.115,1.7386,-0.3838107399494388,0.9234117802472871,0.0,0.0,0.0,1.0,0.9234117802472871,0.3838107399494388,0.0,0.004030920986573653
28.176,10.302,1.7727,-0.38991106629125094,0.920852518258825,0.0,0.0,0.0,1.0,0.920852518258825,0.38991106629125094,0.0,0.004025906605970877
28.107,10.488,1.8068,-0.3959917537325632,0.9182540666807902,0.0,0.0,0.0,1.0,0.9182540666807902,0.3959917537325632,0.0,0.004032805971033073
28.037,10.674,1.8409,-0.40206122313241044,0.9156127854356721,0.0,0.0,0.0,1.0,0.9156127854356721,0.40206122313241044,0.0,0.004021383344074519
27.966,10.859,1.875,-0.40809896881682844,0.9129376931919513,0.0,0.0,0.0,1.0,0.9129376931919513,0.40809896881682844,0.0,0.004035681355112182
27.893,11.044,1.9091,-0.4141291499386728,0.9102181316426696,0.0,0.0,0.0,1.0,0.9102181316426696,0.4141291499386728,0.0,0.004017352859782162
27.82,11.228,1.9432,-0.4201397329592706,0.9074594232189739,0.0,0.0,0.0,1.0,0.9074594232189739,0.4201397329592706,0.0,0.004032062003491528
27.745,11.412,1.9773,-0.42613893141535536,0.9046577314831167,0.0,0.0,0.0,1.0,0.9046577314831167,0.42613893141535536,0.0,0.0040213336096374805
27.669,11.595,2.0114,-0.43211035335838593,0.9018207374642097,0.0,0.0,0.0,1.0,0.9018207374642097,0.43211035335838593,0.0,0.004036622845894813
27.591,11.778,2.0455,-0.43807033983319793,0.8989406973535163,0.0,0.0,0.0,1.0,0.8989406973535163,0.43807033983319793,0.0,0.004018158782328047
27.513,11.96,2.0795,-0.4439987210857258,0.896027419041538,0.0,0.0,0.0,1.0,0.896027419041538,0.4439987210857258,0.0,0.004034194343360259
27.433,12.142,2.1136,-0.4499195430394481,0.8930690929548363,0.0,0.0,0.0,1.0,0.8930690929548363,0.4499195430394481,0.0,0.0040241674915440714
27.352,12.323,2.1477,-0.4558208028606782,0.8900715677289366,0.0,0.0,0.0,1.0,0.8900715677289366,0.4558208028606782,0.0,0.004014314885506617
27.27,12.503,2.1818,-0.4616905499430261,0.8870410565995839,0.0,0.0,0.0,1.0,0.8870410565995839,0.4616905499430261,0.0,0.0040404361150746795
27.187,12.684,2.2159,-0.46754860591240005,0.8839673642784392,0.0,0.0,0.0,1.0,0.8839673642784392,0.46754860591240005,0.0,0.004021383344074536
27.102,12.863,2.25,-0.4733870575062036,0.8808545247574189,0.0,0.0,0.0,1.0,0.8808545247574189,0.4733870575062036,0.0,0.004021383344074536
27.017,13.042,2.2841,-0.47919820681970526,0.8777067155837301,0.0,0.0,0.0,1.0,0.8777067155837301,0.47919820681970526,0.0,0.004020736748408194
26.93,13.22,2.3182,-0.4849975191470351,0.8745155266896187,0.0,0.0,0.0,1.0,0.8745155266896187,0.4849975191470351,0.0,0.0040294322180674455
26.842,13.398,2.3523,-0.4907696424744457,0.8712893652659287,0.0,0.0,0.0,1.0,0.8712893652659287,0.4907696424744457,0.0,0.004020587519256339
26.753,13.575,2.3864,-0.49651796644035523,0.8680264448747714,0.0,0.0,0.0,1.0,0.8680264448747714,0.49651796644035523,0.0,0.004038455645416979
26.662,13.752,2.4205,-0.502251069569904,0.8647218414703582,0.0,0.0,0.0,1.0,0.8647218414703582,0.502251069569904,0.0,0.004020596970600241
26.571,13.928,2.4545,-0.507960288013565,0.8613804884028755,0.0,0.0,0.0,1.0,0.8613804884028755,0.507960288013565,0.0,0.004039198435333399
26.478,14.104,2.4886,-0.513642555480799,0.8580042687534568,0.0,0.0,0.0,1.0,0.8580042687534568,0.513642555480799,0.0,0.004013716980555589
26.384,14.278,2.5227,-0.5193081969131399,0.8545870327935147,0.0,0.0,0.0,1.0,0.8545870327935147,0.5193081969131399,0.0,0.004040436115074679
26.289,14.453,2.5568,-0.5249513702823503,0.8511322217133379,0.0,0.0,0.0,1.0,0.8511322217133379,0.5249513702823503,0.0,0.004015361004940902
26.193,14.626,2.5909,-0.5305705055012899,0.8476408075901641,0.0,0.0,0.0,1.0,0.8476408075901641,0.5305705055012899,0.0,0.004024962608521986
26.096,14.799,2.625,-0.5361583593579304,0.8441174170046559,0.0,0.0,0.0,1.0,0.8441174170046559,0.5361583593579304,0.0,0.004027297356789053
25.997,14.971,2.6591,-0.5417311659692433,0.8405518091216058,0.0,0.0,0.0,1.0,0.8405518091216058,0.5417311659692433,0.0,0.004027297356789053
25.898,15.143,2.6932,-0.5472798082058248,0.8369497066910266,0.0,0.0,0.0,1.0,0.8369497066910266,0.5472798082058248,0.0,0.004030127045143842
25.797,15.314,2.7273,-0.5528018253270007,0.8333127515615829,0.0,0.0,0.0,1.0,0.8333127515615829,0.5528018253270007,0.0,0.004023272797114312
25.695,15.484,2.7614,-0.5582996037190819,0.829639411122155,0.0,0.0,0.0,1.0,0.829639411122155,0.5582996037190819,0.0,0.004033450631903174
25.592,15.654,2.7955,-0.563777673491664,0.8259265916970628,0.0,0.0,0.0,1.0,0.8259265916970628,0.563777673491664,0.0,0.00402656180878923
25.488,15.823,2.8295,-0.5692292186480493,0.8221788714369467,0.0,0.0,0.0,1.0,0.8221788714369467,0.5692292186480493,0.0,0.004020537774974877
25.383,15.991,2.8636,-0.5746496602384887,0.8183995161214291,0.0,0.0,0.0,1.0,0.8183995161214291,0.5746496602384887,0.0,0.004014364706899468
25.277,16.158,2.8977,-0.5800504121549668,0.8145805788004359,0.0,0.0,0.0,1.0,0.8145805788004359,0.5800504121549668,0.0,0.004035631796881349
25.169,16.325,2.9318,-0.5854314040710917,0.810721944397307,0.0,0.0,0.0,1.0,0.810721944397307,0.5854314040710917,0.0,0.0040190949229895155
25.061,16.491,2.9659,-0.5907812827943311,0.8068317519160265,0.0,0.0,0.0,1.0,0.8068317519160265,0.5907812827943311,0.0,0.004040733101802196
24.951,16.657,3.0,-0.5961000959423182,0.8029101292283957,0.0,0.0,0.0,1.0,0.8029101292283957,0.5961000959423182,0.0,0.004018945632874405
24.84,16.821,3.0341,-0.6013990791083651,0.7989487766106224,0.0,0.0,0.0,1.0,0.7989487766106224,0.6013990791083651,0.0,0.004030027791467396
24.728,16.985,3.0682,-0.6066718226268946,0.7949523882790476,0.0,0.0,0.0,1.0,0.7949523882790476,0.6066718226268946,0.0,0.004030027791467493
24.616,17.149,3.1023,-0.6119087416109666,0.7909283734574724,0.0,0.0,0.0,1.0,0.7909283734574724,0.6119087416109666,0.0,0.004020090048742683
24.502,17.311,3.1364,-0.617130587354316,0.7868607488950742,0.0,0.0,0.0,1.0,0.7868607488950742,0.617130587354316,0.0,0.004031466730608071
24.387,17.473,3.1705,-0.6223214313409381,0.7827618003542112,0.0,0.0,0.0,1.0,0.7827618003542112,0.6223214313409381,0.0,0.004026561808789248
24.271,17.634,3.2045,-0.6274813091469951,0.7786316244997845,0.0,0.0,0.0,1.0,0.7786316244997845,0.6274813091469951,0.0,0.004034194343360297
24.153,17.794,3.2386,-0.6326211526367901,0.7744614110699765,0.0,0.0,0.0,1.0,0.7744614110699765,0.6326211526367901,0.0,0.0040183484169493975
24.035,17.953,3.2727,-0.6377299934632676,0.7702599921048351,0.0,0.0,0.0,1.0,0.7702599921048351,0.6377299934632676,0.0,0.004030127045143842
23.916,18.112,3.3068,-0.6428078604175974,0.7660274502818751,0.0,0.0,0.0,1.0,0.7660274502818751,0.6428078604175974,0.0,0.004010576517160607
23.796,18.269,3.3409,-0.647859715848791,0.7617596658922839,0.0,0.0,0.0,1.0,0.7617596658922839,0.647859715848791,0.0,0.004034640504431589
23.674,18.426,3.375,-0.6528864079267981,0.7574558326030917,0.0,0.0,0.0,1.0,0.7574558326030917,0.6528864079267981,0.0,0.004034640504431589
23.552,18.583,3.4091,-0.6578813720788205,0.7531215707119858,0.0,0.0,0.0,1.0,0.7531215707119858,0.6578813720788205,0.0,0.004028091855953637
23.428,18.738,3.4432,-0.6628510986766065,0.7487512410562105,0.0,0.0,0.0,1.0,0.7487512410562105,0.6628510986766065,0.0,0.004012720274327656
23.304,18.892,3.4773,-0.6677898642383344,0.7443498486736911,0.0,0.0,0.0,1.0,0.7443498486736911,0.6677898642383344,0.0,0.004025111675469389
23.179,19.046,3.5114,-0.6726922055931848,0.7399224260246314,0.0,0.0,0.0,1.0,0.7399224260246314,0.6726922055931848,0.0,0.004034888350376025
23.052,19.199,3.5455,-0.6775691474491566,0.7354590746092016,0.0,0.0,0.0,1.0,0.7354590746092016,0.6775691474491566,0.0,0.004019402940736295
22.925,19.351,3.5795,-0.6824201439906655,0.7309601542326088,0.0,0.0,0.0,1.0,0.7309601542326088,0.6824201439906655,0.0,0.004030127045143876
22.796,19.502,3.6136,-0.6872402190578548,0.7264302315496733,0.0,0.0,0.0,1.0,0.7264302315496733,0.6872402190578548,0.0,0.004030127045143831
22.667,19.653,3.6477,-0.6920293710147906,0.7218693438932515,0.0,0.0,0.0,1.0,0.7218693438932515,0.6920293710147906,0.0,0.004026154989565122
22.536,19.802,3.6818,-0.6967925931184604,0.7172726693352058,0.0,0.0,0.0,1.0,0.7172726693352058,0.6967925931184604,0.0,0.004026154989565122
22.405,19.951,3.7159,-0.7015198832320253,0.7126498813794373,0.0,0.0,0.0,1.0,0.7126498813794373,0.7015198832320253,0.0,0.0040229745214206995
22.272,20.098,3.75,-0.7062162258493307,0.7079962163367309,0.0,0.0,0.0,1.0,0.7079962163367309,0.7062162258493307,0.0,0.004022974521420704
22.139,20.245,3.7841,-0.7108816597328925,0.7033116420587732,0.0,0.0,0.0,1.0,0.7033116420587732,0.7108816597328925,0.0,0.004035037050635281
22.004,20.391,3.8182,-0.7155211239056881,0.698591097312828,0.0,0.0,0.0,1.0,0.698591097312828,0.7155211239056881,0.0,0.004020587519256424
21.869,20.536,3.8523,-0.7201247672417388,0.6938445932664112,0.0,0.0,0.0,1.0,0.6938445932664112,0.7201247672417388,0.0,0.004034045612037606
21.733,20.681,3.8864,-0.7246972624974962,0.689067397087277,0.0,0.0,0.0,1.0,0.689067397087277,0.7246972624974962,0.0,0.004018995396862271
21.596,20.824,3.9205,-0.7292390063396069,0.6842590676292297,0.0,0.0,0.0,1.0,0.6842590676292297,0.7292390063396069,0.0,0.004031922618305051
21.457,20.966,3.9545,-0.7337497802786611,0.6794197965477724,0.0,0.0,0.0,1.0,0.6794197965477724,0.7337497802786611,0.0,0.0040322604082573665
21.318,21.108,3.9886,-0.7382295439957516,0.674549583330851,0.0,0.0,0.0,1.0,0.674549583330851,0.7382295439957516,0.0,0.0040180995507827005
21.178,21.248,4.0227,-0.7426687952065242,0.6696589136467085,0.0,0.0,0.0,1.0,0.6696589136467085,0.7426687952065242,0.0,0.004032062003491546
21.037,21.388,4.0568,-0.7470820547399548,0.664731828247698,0.0,0.0,0.0,1.0,0.664731828247698,0.7470820547399548,0.0,0.004032260408257368
20.895,21.527,4.0909,-0.7514642891825374,0.6597737658344591,0.0,0.0,0.0,1.0,0.6597737658344591,0.7514642891825374,0.0,0.0040189953968622705
20.752,21.664,4.125,-0.755810491201398,0.6547904255484359,0.0,0.0,0.0,1.0,0.6547904255484359,0.755810491201398,0.0,0.004018995396862171
20.609,21.801,4.1591,-0.7601255664665444,0.6497762100938409,0.0,0.0,0.0,1.0,0.6497762100938409,0.7601255664665444,0.0,0.004034045612037707
20.464,21.937,4.1932,-0.764410221296791,0.6447301866494161,0.0,0.0,0.0,1.0,0.6447301866494161,0.764410221296791,0.0,0.00403503705063528
20.318,22.072,4.2273,-0.7686547125980567,0.6396639217595432,0.0,0.0,0.0,1.0,0.6396639217595432,0.7686547125980567,0.0,0.004021681737780868
20.172,22.206,4.2614,-0.772867247901917,0.6345677403717566,0.0,0.0,0.0,1.0,0.6345677403717566,0.772867247901917,0.0,0.004022974521420703
20.025,22.339,4.2955,-0.777049449810332,0.6294395543254814,0.0,0.0,0.0,1.0,0.6294395543254814,0.777049449810332,0.0,0.004011034779205985
19.877,22.47,4.3295,-0.7811916326140991,0.6242913047077611,0.0,0.0,0.0,1.0,0.6242913047077611,0.7811916326140991,0.0,0.0040409805740686065
19.727,22.601,4.3636,-0.78530647076212,0.6191072176765051,0.0,0.0,0.0,1.0,0.6191072176765051,0.78530647076212,0.0,0.004013168822763427
19.578,22.731,4.3977,-0.7893823703609406,0.6139018434272232,0.0,0.0,0.0,1.0,0.6139018434272232,0.7893823703609406,0.0,0.00403012704514383
19.427,22.86,4.4318,-0.7934259004583057,0.6086668550873512,0.0,0.0,0.0,1.0,0.6086668550873512,0.7934259004583057,0.0,0.00403240920542548
19.275,22.988,4.4659,-0.7974307045303387,0.6034105331134415,0.0,0.0,0.0,1.0,0.6034105331134415,0.7974307045303387,0.0,0.004019741782751669
19.123,23.115,4.5,-0.801407787115803,0.5981183484479905,0.0,0.0,0.0,1.0,0.5981183484479905,0.801407787115803,0.0,0.004037564117137968
18.969,23.241,4.5341,-0.8053498137628771,0.5927998629150475,0.0,0.0,0.0,1.0,0.5927998629150475,0.8053498137628771,0.0,0.00402511167546939
18.815,23.366,4.5682,-0.8092520983529489,0.5874615232603315,0.0,0.0,0.0,1.0,0.5874615232603315,0.8092520983529489,0.0,0.004028091855953636
18.66,23.49,4.6023,-0.8131181524350332,0.582098677356888,0.0,0.0,0.0,1.0,0.582098677356888,0.8131181524350332,0.0,0.004015809258418565
18.505,23.613,4.6364,-0.8169492947279784,0.5767095021269018,0.0,0.0,0.0,1.0,0.5767095021269018,0.8169492947279784,0.0,0.0040346405044315884
18.348,23.735,4.6705,-0.8207488400364842,0.5712891925975547,0.0,0.0,0.0,1.0,0.5712891925975547,0.8207488400364842,0.0,0.004022238182902678
18.191,23.856,4.7045,-0.8245087786560508,0.5658491618082574,0.0,0.0,0.0,1.0,0.5658491618082574,0.8245087786560508,0.0,0.0040419703116177895
18.032,23.976,4.7386,-0.8282292193943287,0.5603894718331718,0.0,0.0,0.0,1.0,0.5603894718331718,0.8282292193943287,0.0,0.004018348416949441
17.873,24.094,4.7727,-0.8319179633009354,0.5548986414988087,0.0,0.0,0.0,1.0,0.5548986414988087,0.8319179633009354,0.0,0.004018348416949451
17.714,24.212,4.8068,-0.83557183437464,0.5493812060853546,0.0,0.0,0.0,1.0,0.5493812060853546,0.83557183437464,0.0,0.004038455645416923
17.553,24.329,4.8409,-0.83918924401671,0.5438395100823981,0.0,0.0,0.0,1.0,0.5438395100823981,0.83918924401671,0.0,0.004015410813353974
17.392,24.444,4.875,-0.8427643082221555,0.5382827517084602,0.0,0.0,0.0,1.0,0.5382827517084602,0.8427643082221555,0.0,0.0040314667306081105
17.23,24.559,4.9091,-0.8463058082153977,0.5326973615298677,0.0,0.0,0.0,1.0,0.5326973615298677,0.8463058082153977,0.0,0.004024962608521973
17.067,24.672,4.9432,-0.8498096158011595,0.5270897617027726,0.0,0.0,0.0,1.0,0.5270897617027726,0.8498096158011595,0.0,0.00402496260852197
16.904,24.785,4.9773,-0.853276889811405,0.5214580992886922,0.0,0.0,0.0,1.0,0.5214580992886922,0.853276889811405,0.0,0.004035284872224012
16.739,24.896,5.0114,-0.8567092871753341,0.5157995708291457,0.0,0.0,0.0,1.0,0.5157995708291457,0.8567092871753341,0.0,0.004024316587943825
16.574,25.006,5.0455,-0.8601023977968068,0.5101214221184829,0.0,0.0,0.0,1.0,0.5101214221184829,0.8601023977968068,0.0,0.004029540916779467
16.408,25.115,5.0795,-0.8634588308775345,0.5044193170167072,0.0,0.0,0.0,1.0,0.5044193170167072,0.8634588308775345,0.0,0.004019094922989514
16.242,25.223,5.1136,-0.866773500515189,0.4987020140370856,0.0,0.0,0.0,1.0,0.4987020140370856,0.866773500515189,0.0,0.004024962608521993
16.075,25.33,5.1477,-0.8700514947062491,0.49296084688281433,0.0,0.0,0.0,1.0,0.49296084688281433,0.8700514947062491,0.0,0.004031020218257412
15.907,25.436,5.1818,-0.8732945759882376,0.487192552846946,0.0,0.0,0.0,1.0,0.487192552846946,0.8732945759882376,0.0,0.004026900048424347
15.738,25.54,5.2159,-0.8764965649728679,0.4814081133412303,0.0,0.0,0.0,1.0,0.4814081133412303,0.8764965649728679,0.0,0.004026900048424315
15.569,25.644,5.25,-0.8796612862416733,0.47560069542384537,0.0,0.0,0.0,1.0,0.47560069542384537,0.8796612862416733,0.0,0.00402327279711434
15.399,25.746,5.2841,-0.8827891008797587,0.4697695215399861,0.0,0.0,0.0,1.0,0.4697695215399861,0.8827891008797587,0.0,0.004013168822763405
15.229,25.847,5.3182,-0.8858777229428274,0.4639188075446296,0.0,0.0,0.0,1.0,0.4639188075446296,0.8858777229428274,0.0,0.004047113045122381
15.057,25.948,5.3523,-0.8889271788162895,0.4580485462936355,0.0,0.0,0.0,1.0,0.4580485462936355,0.8889271788162895,0.0,0.004027297356789055
14.885,26.047,5.3864,-0.8919374895562748,0.452158727355837,0.0,0.0,0.0,1.0,0.452158727355837,0.8919374895562748,0.0,0.004017502209084644
14.713,26.145,5.4205,-0.8949086707931384,0.4462493371863517,0.0,0.0,0.0,1.0,0.4462493371863517,0.8949086707931384,0.0,0.004032269832240887
14.539,26.241,5.4545,-0.8978367792407903,0.4403284204347069,0.0,0.0,0.0,1.0,0.4403284204347069,0.8978367792407903,0.0,0.0040153610049409
14.366,26.337,5.4886,-0.9007297670262759,0.4343798876476566,0.0,0.0,0.0,1.0,0.4343798876476566,0.9007297670262759,0.0,0.00403106983318324
14.191,26.431,5.5227,-0.9035836394163328,0.42841172553880247,0.0,0.0,0.0,1.0,0.42841172553880247,0.9035836394163328,0.0,0.004031069833183234
14.016,26.525,5.5568,-0.906396345009428,0.42242829658245,0.0,0.0,0.0,1.0,0.42242829658245,0.906396345009428,0.0,0.004030027791467474
13.84,26.617,5.5909,-0.909171952312488,0.4164208942023673,0.0,0.0,0.0,1.0,0.4164208942023673,0.909171952312488,0.0,0.004020935711995385
13.664,26.708,5.625,-0.9119063486886946,0.4103983567477495,0.0,0.0,0.0,1.0,0.4103983567477495,0.9119063486886946,0.0,0.00402058751925637
13.487,26.797,5.6591,-0.9145999224419299,0.4043599657102764,0.0,0.0,0.0,1.0,0.4043599657102764,0.9145999224419299,0.0,0.004038208018416093
13.309,26.886,5.6932,-0.9172543787535421,0.3983019013982402,0.0,0.0,0.0,1.0,0.3983019013982402,0.9172543787535421,0.0,0.004020736748408162
13.131,26.973,5.7273,-0.919867613038628,0.3922289822063347,0.0,0.0,0.0,1.0,0.3922289822063347,0.919867613038628,0.0,0.004020736748408196
12.953,27.06,5.7614,-0.9224437218373152,0.3861315579474464,0.0,0.0,0.0,1.0,0.3861315579474464,0.9224437218373152,0.0,0.004039198435333427
12.773,27.145,5.7955,-0.9249785196655618,0.38001939181745203,0.0,0.0,0.0,1.0,0.38001939181745203,0.9249785196655618,0.0,0.00401263006019743
12.594,27.229,5.8295,-0.9274691602234292,0.3738996614527048,0.0,0.0,0.0,1.0,0.3738996614527048,0.9274691602234292,0.0,0.0040322604082573725
12.413,27.311,5.8636,-0.9299206397856202,0.36776025301914106,0.0,0.0,0.0,1.0,0.36776025301914106,0.9299206397856202,0.0,0.004032260408257407
12.232,27.393,5.8977,-0.9323328954109192,0.3616011229721111,0.0,0.0,0.0,1.0,0.3616011229721111,0.9323328954109192,0.0,0.00401615786542309
12.051,27.473,5.9318,-0.9347071208728253,0.35541890522260333,0.0,0.0,0.0,1.0,0.35541890522260333,0.9347071208728253,0.0,0.004026304012366691
11.869,27.552,5.9659,-0.9370373976165013,0.349229030105023,0.0,0.0,0.0,1.0,0.349229030105023,0.9370373976165013,0.0,0.004036622845894812
11.686,27.63,6.0,-0.9393239248323209,0.34303143330838376,0.0,0.0,0.0,1.0,0.34303143330838376,0.9393239248323209,0.0,0.004028935839647992
11.503,27.707,6.0341,-0.9415723346314979,0.33681083512350096,0.0,0.0,0.0,1.0,0.33681083512350096,0.9415723346314979,0.0,0.00401381663756579
11.32,27.782,6.0682,-0.9437813150186112,0.3305704606006721,0.0,0.0,0.0,1.0,0.3305704606006721,0.9437813150186112,0.0,0.004032062003491526
11.136,27.857,6.1023,-0.945947699032318,0.3243192111106944,0.0,0.0,0.0,1.0,0.3243192111106944,0.945947699032318,0.0,0.004035681355112151
10.951,27.93,6.1364,-0.9480705268903417,0.31806017676199233,0.0,0.0,0.0,1.0,0.31806017676199233,0.9480705268903417,0.0,0.004021383344074542
10.766,28.001,6.1705,-0.9501538999621938,0.311781279724478,0.0,0.0,0.0,1.0,0.311781279724478,0.9501538999621938,0.0,0.00402104464038886
10.581,28.072,6.2045,-0.9521947913610255,0.3054915372067336,0.0,0.0,0.0,1.0,0.3054915372067336,0.9521947913610255,0.0,0.004025906605970875
10.395,28.141,6.2386,-0.9541932384419274,0.2991910154261104,0.0,0.0,0.0,1.0,0.2991910154261104,0.9541932384419274,0.0,0.004025906605970903
10.209,28.21,6.2727,-0.9561520751391004,0.2928706356178302,0.0,0.0,0.0,1.0,0.2928706356178302,0.9561520751391004,0.0,0.0040243165879438264
10.022,28.276,6.3068,-0.9580684208650267,0.28653952771161273,0.0,0.0,0.0,1.0,0.28653952771161273,0.9580684208650267,0.0,0.004028034260033057
9.8348,28.342,6.3409,-0.9599415149808945,0.28020044221268686,0.0,0.0,0.0,1.0,0.28020044221268686,0.9599415149808945,0.0,0.004030836141546811
9.6471,28.407,6.375,-0.9617748673144758,0.2738413858463001,0.0,0.0,0.0,1.0,0.2738413858463001,0.9617748673144758,0.0,0.004025589149428937
9.459,28.47,6.4091,-0.9635631682009055,0.26748087947857757,0.0,0.0,0.0,1.0,0.26748087947857757,0.9635631682009055,0.0,0.004026862798755377
9.2705,28.532,6.4432,-0.9653116380869742,0.2611004430747728,0.0,0.0,0.0,1.0,0.2611004430747728,0.9653116380869742,0.0,0.004022239177373714
9.0816,28.592,6.4773,-0.9670176479741862,0.25470938048386277,0.0,0.0,0.0,1.0,0.25470938048386277,0.9670176479741862,0.0,0.004029754334944008
8.8923,28.652,6.5114,-0.9686805819350344,0.2483101491723669,0.0,0.0,0.0,1.0,0.2483101491723669,0.9686805819350344,0.0,0.004025563314618217
8.7026,28.71,6.5455,-0.9703034629707237,0.24189086329793705,0.0,0.0,0.0,1.0,0.24189086329793705,0.9703034629707237,0.0,0.004027058976474037
8.5125,28.767,6.5795,-0.971881528139122,0.23547037024212772,0.0,0.0,0.0,1.0,0.23547037024212772,0.971881528139122,0.0,0.004027454282794506
8.3221,28.823,6.6136,-0.973417168333576,0.22903933372554733,0.0,0.0,0.0,1.0,0.22903933372554733,0.973417168333576,0.0,0.004024099899356393
8.1313,28.877,6.6477,-0.9749098693133408,0.22259997016047597,0.0,0.0,0.0,1.0,0.22259997016047597,0.9749098693133408,0.0,0.004026375541352288
7.9401,28.93,6.6818,-0.9763622704354634,0.21614050261370915,0.0,0.0,0.0,1.0,0.21614050261370915,0.9763622704354634,0.0,0.0040268627987553865
7.7486,28.982,6.7159,-0.9777700609639652,0.20968001307354922,0.0,0.0,0.0,1.0,0.20968001307354922,0.9777700609639652,0.0,0.004029363225126272
7.5567,29.033,6.75,-0.9791353766805369,0.20320904047965754,0.0,0.0,0.0,1.0,0.20320904047965754,0.9791353766805369,0.0,0.004023243467651438
7.3646,29.082,6.7841,-0.9804577917664253,0.1967295569163544,0.0,0.0,0.0,1.0,0.1967295569163544,0.9804577917664253,0.0,0.004026068057050195
7.1721,29.13,6.8182,-0.9817377001839575,0.190239554345342,0.0,0.0,0.0,1.0,0.190239554345342,0.9817377001839575,0.0,0.004029005832708626
6.9792,29.177,6.8523,-0.9829747141122891,0.18374088117744386,0.0,0.0,0.0,1.0,0.18374088117744386,0.9829747141122891,0.0,0.0040237007841041035
6.7861,29.222,6.8864,-0.984167733218279,0.1772395917733804,0.0,0.0,0.0,1.0,0.1772395917733804,0.984167733218279,0.0,0.0040294600134509325
6.5927,29.267,6.9205,-0.9853195956249211,0.17071992993655516,0.0,0.0,0.0,1.0,0.17071992993655516,0.9853195956249211,0.0,0.004026149028538307
6.399,29.31,6.9545,-0.9864271468129255,0.1641995250617706,0.0,0.0,0.0,1.0,0.1641995250617706,0.9864271468129255,0.0,0.004023918985267968
6.205,29.351,6.9886,-0.9874902555131368,0.15768004079971587,0.0,0.0,0.0,1.0,0.15768004079971587,0.9874902555131368,0.0,0.004029704703821367
6.0107,29.392,7.0227,-0.9885123132697966,0.15114035369151255,0.0,0.0,0.0,1.0,0.15114035369151255,0.9885123132697966,0.0,0.004025620945891451
5.8162,29.431,7.0568,-0.989490187953679,0.14460002746677783,0.0,0.0,0.0,1.0,0.14460002746677783,0.989490187953679,0.0,0.004027597298638482
5.6214,29.469,7.0909,-0.9904251606732659,0.1380507193220496,0.0,0.0,0.0,1.0,0.1380507193220496,0.9904251606732659,0.0,0.004024117791516541
5.4264,29.505,7.125,-0.9913162367724448,0.13149950080254258,0.0,0.0,0.0,1.0,0.13149950080254258,0.9913162367724448,0.0,0.004024467666661017
5.2312,29.54,7.1591,-0.9921642319863407,0.12494053292248569,0.0,0.0,0.0,1.0,0.12494053292248569,0.9921642319863407,0.0,0.004026862798755389
5.0357,29.574,7.1932,-0.9929683887611511,0.11837980791116053,0.0,0.0,0.0,1.0,0.11837980791116053,0.9929683887611511,0.0,0.0040274210110193345
4.84,29.607,7.2273,-0.9937296079737469,0.1118099558909811,0.0,0.0,0.0,1.0,0.1118099558909811,0.9937296079737469,0.0,0.00402690004842435
4.644,29.638,7.2614,-0.9944479338376743,0.1052297813643104,0.0,0.0,0.0,1.0,0.1052297813643104,0.9944479338376743,0.0,0.004025817680918994
4.4479,29.668,7.2955,-0.9951219745707468,0.09865219575061632,0.0,0.0,0.0,1.0,0.09865219575061632,0.9951219745707468,0.0,0.00402644706906722
4.2516,29.697,7.3295,-0.9957526989296114,0.09206824954562035,0.0,0.0,0.0,1.0,0.09206824954562035,0.9957526989296114,0.0,0.004027856005370593
4.0551,29.725,7.3636,-0.9963398874135991,0.08547999034076165,0.0,0.0,0.0,1.0,0.08547999034076165,0.9963398874135991,0.0,0.004026397893899715
3.8584,29.751,7.3977,-0.9968833850623465,0.07888926787996896,0.0,0.0,0.0,1.0,0.07888926787996896,0.9968833850623465,0.0,0.004025819171299174
3.6616,29.776,7.4318,-0.9973833478046111,0.07229424266196088,0.0,0.0,0.0,1.0,0.07229424266196088,0.9973833478046111,0.0,0.004026920411431046
3.4645,29.799,7.4659,-0.9978396856725658,0.06569597930524422,0.0,0.0,0.0,1.0,0.06569597930524422,0.9978396856725658,0.0,0.004026920411431051
3.2674,29.822,7.5,-0.9982523551171686,0.059095139419633444,0.0,0.0,0.0,1.0,0.059095139419633444,0.9982523551171686,0.0,0.004024430394478199
3.0701,29.842,7.5341,-0.9986213933369579,0.052491073238719696,0.0,0.0,0.0,1.0,0.052491073238719696,0.9986213933369579,0.0,0.00402835251684855
2.8726,29.862,7.5682,-0.9989467355847573,0.045884850054864194,0.0,0.0,0.0,1.0,0.045884850054864194,0.9989467355847573,0.0,0.004024577493352559
2.6751,29.88,7.6023,-0.9992283634506378,0.03927693567171792,0.0,0.0,0.0,1.0,0.03927693567171792,0.9992283634506378,0.0,0.004028503444208539
2.4774,29.898,7.6364,-0.9994662624409331,0.032667877836673846,0.0,0.0,0.0,1.0,0.032667877836673846,0.9994662624409331,0.0,0.00402555089397712
2.2796,29.913,7.6705,-0.9996604584198996,0.02605701194911002,0.0,0.0,0.0,1.0,0.02605701194911002,0.9996604584198996,0.0,0.004027178168395333
2.0817,29.928,7.7045,-0.9998109277624831,0.0194450180437698,0.0,0.0,0.0,1.0,0.0194450180437698,0.9998109277624831,0.0,0.0040267013795413234
1.8837,29.941,7.7386,-0.9999176668828309,0.012831970059045208,0.0,0.0,0.0,1.0,0.012831970059045208,0.9999176668828309,0.0,0.004025459476879629
1.6857,29.953,7.7727,-0.9999806686470925,0.0062179041576639095,0.0,0.0,0.0,1.0,0.0062179041576639095,0.9999806686470925,0.0,0.004027209952311897
1.4875,29.963,7.8068,-0.9999999216276451,-3.95909968971601E-4,0.0,0.0,0.0,1.0,-3.95909968971601E-4,0.9999999216276451,0.0,0.004026266260445282
1.2893,29.972,7.8409,-0.9999754319756191,-0.007009667978879075,0.0,0.0,0.0,1.0,-0.007009667978879075,0.9999754319756191,0.0,0.00402739121516646
1.091,29.98,7.875,-0.9999072031489751,-0.013622961895069043,0.0,0.0,0.0,1.0,-0.013622961895069043,0.9999072031489751,0.0,0.004025858298549513
0.89274,29.987,7.9091,-0.999795233139661,-0.020235903518517884,0.0,0.0,0.0,1.0,-0.020235903518517884,0.999795233139661,0.0,0.004026242198378038
0.6944,29.992,7.9432,-0.9996395278183813,-0.02684798731830249,0.0,0.0,0.0,1.0,-0.02684798731830249,0.9996395278183813,0.0,0.004026583385452235
0.49602,29.996,7.9773,-0.9994400908086313,-0.033459003040068436,0.0,0.0,0.0,1.0,-0.033459003040068436,0.9994400908086313,0.0,0.00402662985634389
0.29762,29.999,8.0114,-0.999196960135722,-0.04006787810119907,0.0,0.0,0.0,1.0,-0.04006787810119907,0.999196960135722,0.0,0.004026469011131219
0.099208,30.0,8.0455,-0.9989100813732161,-0.04667600380232077,0.0,0.0,0.0,1.0,-0.04667600380232077,0.9989100813732161,0.0,0.00402615991018737
-0.099208,30.0,8.0795,-0.9985795067397917,-0.05328197368073623,0.0,0.0,0.0,1.0,-0.05328197368073623,0.9985795067397917,0.0,0.004026469011131219
-0.29762,29.999,8.1136,-0.9982052997992034,-0.05988471802373778,0.0,0.0,0.0,1.0,-0.05988471802373778,0.9982052997992034,0.0,0.00402662985634389
-0.49602,29.996,8.1477,-0.9977873696882879,-0.06648582473375712,0.0,0.0,0.0,1.0,-0.06648582473375712,0.9977873696882879,0.0,0.004026583385452238
-0.6944,29.992,8.1818,-0.9973258841497868,-0.07308269839603627,0.0,0.0,0.0,1.0,-0.07308269839603627,0.9973258841497868,0.0,0.004026242198378032
-0.89274,29.987,8.2159,-0.9968206498854091,-0.07967805194676032,0.0,0.0,0.0,1.0,-0.07967805194676032,0.9968206498854091,0.0,0.004025858298549515
-1.091,29.98,8.25,-0.9962718663870765,-0.08626916161416755,0.0,0.0,0.0,1.0,-0.08626916161416755,0.9962718663870765,0.0,0.004027391215166463
-1.2893,29.972,8.2841,-0.9956795523744356,-0.09285595825494193,0.0,0.0,0.0,1.0,-0.09285595825494193,0.9956795523744356,0.0,0.004026266260445276
-1.4875,29.963,8.3182,-0.9950436237957722,-0.09943936214285636,0.0,0.0,0.0,1.0,-0.09943936214285636,0.9950436237957722,0.0,0.004027209952311901
-1.6857,29.953,8.3523,-0.9943639526045674,-0.10602042143201279,0.0,0.0,0.0,1.0,-0.10602042143201279,0.9943639526045674,0.0,0.004025459476879629
-1.8837,29.941,8.3864,-0.9936415114789346,-0.11259017126666927,0.0,0.0,0.0,1.0,-0.11259017126666927,0.9936415114789346,0.0,0.004026701379541327
-2.0817,29.928,8.4205,-0.9928749929326748,-0.11916059923037006,0.0,0.0,0.0,1.0,-0.11916059923037006,0.9928749929326748,0.0,0.0040271781683953265
-2.2796,29.913,8.4545,-0.9920645844334214,-0.125729313658123,0.0,0.0,0.0,1.0,-0.125729313658123,0.9920645844334214,0.0,0.004025550893977123
-2.4774,29.898,8.4886,-0.9912123479370298,-0.13228031333936333,0.0,0.0,0.0,1.0,-0.13228031333936333,0.9912123479370298,0.0,0.004028503444208539
-2.6751,29.88,8.5227,-0.9903149256393216,-0.13883928858930789,0.0,0.0,0.0,1.0,-0.13883928858930789,0.9903149256393216,0.0,0.004024577493352562
-2.8726,29.862,8.5568,-0.9893759787884439,-0.14537940912113037,0.0,0.0,0.0,1.0,-0.14537940912113037,0.9893759787884439,0.0,0.004028352516848544
-3.0701,29.842,8.5909,-0.9883927287089925,-0.15192041941487686,0.0,0.0,0.0,1.0,-0.15192041941487686,0.9883927287089925,0.0,0.0040244303944782026
-3.2674,29.822,8.625,-0.9873655131744615,-0.15845927992305334,0.0,0.0,0.0,1.0,-0.15845927992305334,0.9873655131744615,0.0,0.004026920411431055
-3.4645,29.799,8.6591,-0.986295369304797,-0.1649892253691559,0.0,0.0,0.0,1.0,-0.1649892253691559,0.986295369304797,0.0,0.004026920411431039
-3.6616,29.776,8.6932,-0.9851839986729287,-0.17150069608843796,0.0,0.0,0.0,1.0,-0.17150069608843796,0.9851839986729287,0.0,0.004025819171299178
-3.8584,29.751,8.7273,-0.9840269685619888,-0.17801945158522123,0.0,0.0,0.0,1.0,-0.17801945158522123,0.9840269685619888,0.0,0.004026397893899715
-4.0551,29.725,8.7614,-0.9828288012935835,-0.1845197749505937,0.0,0.0,0.0,1.0,-0.1845197749505937,0.9828288012935835,0.0,0.004027856005370596
-4.2516,29.697,8.7955,-0.9815862854391278,-0.19101927713666828,0.0,0.0,0.0,1.0,-0.19101927713666828,0.9815862854391278,0.0,0.004026447069067214
-4.4479,29.668,8.8295,-0.98030083810856,-0.19751016886139108,0.0,0.0,0.0,1.0,-0.19751016886139108,0.98030083810856,0.0,0.0040258176809189975
-4.644,29.638,8.8636,-0.9789748453011412,-0.20398100957590812,0.0,0.0,0.0,1.0,-0.20398100957590812,0.9789748453011412,0.0,0.00402690004842435
-4.84,29.607,8.8977,-0.9776044175599428,-0.21045095097738334,0.0,0.0,0.0,1.0,-0.21045095097738334,0.9776044175599428,0.0,0.004027421011019338
-5.0357,29.574,8.9318,-0.9761894130662918,-0.21691986957696763,0.0,0.0,0.0,1.0,-0.21691986957696763,0.9761894130662918,0.0,0.004026862798755383
-5.2312,29.54,8.9659,-0.9747335432603432,-0.22337081197671446,0.0,0.0,0.0,1.0,-0.22337081197671446,0.9747335432603432,0.0,0.004024467666661019
-5.4264,29.505,9.0,-0.9732357500347443,-0.2298089964607749,0.0,0.0,0.0,1.0,-0.2298089964607749,0.9732357500347443,0.0,0.004024117791516545
-5.6214,29.469,9.0341,-0.9716944728657075,-0.2362410874556646,0.0,0.0,0.0,1.0,-0.2362410874556646,0.9716944728657075,0.0,0.004027597298638476
-5.8162,29.431,9.0682,-0.9701113156173526,-0.24266032908402838,0.0,0.0,0.0,1.0,-0.24266032908402838,0.9701113156173526,0.0,0.004025620945891454
-6.0107,29.392,9.1023,-0.9684851449457257,-0.24907132315755814,0.0,0.0,0.0,1.0,-0.24907132315755814,0.9684851449457257,0.0,0.004029704703821367
-6.205,29.351,9.1364,-0.9668171801367836,-0.25546925488668426,0.0,0.0,0.0,1.0,-0.25546925488668426,0.9668171801367836,0.0,0.004023918985267971
-6.399,29.31,9.1705,-0.9651061532393053,-0.26185895627155914,0.0,0.0,0.0,1.0,-0.26185895627155914,0.9651061532393053,0.0,0.004026149028538301
-6.5927,29.267,9.2045,-0.963351965191846,-0.2682405471978624,0.0,0.0,0.0,1.0,-0.2682405471978624,0.963351965191846,0.0,0.004029460013450936
-6.7861,29.222,9.2386,-0.961558656895806,-0.27459961643952363,0.0,0.0,0.0,1.0,-0.27459961643952363,0.961558656895806,0.0,0.0040237007841041035
-6.9792,29.177,9.2727,-0.9597195201403599,-0.2809598595201053,0.0,0.0,0.0,1.0,-0.2809598595201053,0.9597195201403599,0.0,0.004029005832708629
-7.1721,29.13,9.3068,-0.9578405959686042,-0.28730017875822683,0.0,0.0,0.0,1.0,-0.28730017875822683,0.9578405959686042,0.0,0.004026068057050188
-7.3646,29.082,9.3409,-0.9559192241284764,-0.2936297616755006,0.0,0.0,0.0,1.0,-0.2936297616755006,0.9559192241284764,0.0,0.00402324346765144
-7.5567,29.033,9.375,-0.9539582422381624,-0.2999394473320835,0.0,0.0,0.0,1.0,-0.2999394473320835,0.9539582422381624,0.0,0.0040293632251262755
-7.7486,28.982,9.4091,-0.9519510162082521,-0.3062503269223985,0.0,0.0,0.0,1.0,-0.3062503269223985,0.9519510162082521,0.0,0.00402686279875538
-7.9401,28.93,9.4432,-0.949905127141682,-0.3125383967290178,0.0,0.0,0.0,1.0,-0.3125383967290178,0.949905127141682,0.0,0.0040263755413522916
-8.1313,28.877,9.4773,-0.9478187827645098,-0.3188095905690462,0.0,0.0,0.0,1.0,-0.3188095905690462,0.9478187827645098,0.0,0.004024099899356393
-8.3221,28.823,9.5114,-0.9456899616995572,-0.32506998683466576,0.0,0.0,0.0,1.0,-0.32506998683466576,0.9456899616995572,0.0,0.00402745428279451
-8.5125,28.767,9.5455,-0.9435186164253154,-0.3313195141534207,0.0,0.0,0.0,1.0,-0.3313195141534207,0.9435186164253154,0.0,0.00402705897647403
-8.7026,28.71,9.5795,-0.9413078733055242,-0.3375492373758695,0.0,0.0,0.0,1.0,-0.3375492373758695,0.9413078733055242,0.0,0.004025563314618221
-8.8923,28.652,9.6136,-0.9390534203205017,-0.34377125212031184,0.0,0.0,0.0,1.0,-0.34377125212031184,0.9390534203205017,0.0,0.004029754334944008
-9.0816,28.592,9.6477,-0.93675751853262,-0.3499790729066638,0.0,0.0,0.0,1.0,-0.3499790729066638,0.93675751853262,0.0,0.004022239177373717
-9.2705,28.532,9.6818,-0.9344243534932045,-0.35616165936103644,0.0,0.0,0.0,1.0,-0.35616165936103644,0.9344243534932045,0.0,0.004026862798755371
