29.927321227883734,1.9972516485290748,0.2863566959611112,-0.11637542355475117,0.9932052963976976,0.0,0.0,-7.882583474838611E-15,0.9999999999999921,0.9932052963976976,0.11637542355474328,-7.882583474838611E-15,0.015
29.895,2.5103,0.36,-0.1333793351523611,0.9910650598998535,0.0,0.0,-7.993605777301127E-15,0.999999999999992,0.9910650598998535,0.13337933515235312,-7.993605777301127E-15,0.015
29.817015183176952,3.248615345331542,0.4663429320314296,-0.15785983710180873,0.9874615292913009,0.0,0.0,7.37188088351104E-14,1.0000000000000737,0.9874615292913009,0.15785983710188256,7.37188088351104E-14,0.015
29.763,3.76,0.54,-0.17476018265063942,0.9846110290668275,0.0,0.0,7.37188088351104E-14,1.0000000000000737,0.9846110290668275,0.1747601826507132,7.37188088351104E-14,0.015
29.654871686031306,4.494504410352371,0.6463557186577321,-0.19907435107972227,0.9799843890297893,0.0,0.0,-6.106226635438361E-14,0.9999999999999389,0.9799843890297893,0.19907435107966115,-6.106226635438361E-14,0.015
29.58,5.0031,0.72,-0.21583973554257407,0.9764288036312817,0.0,0.0,-6.09512440519211E-14,0.999999999999939,0.9764288036312817,0.21583973554251312,-6.09512440519211E-14,0.015
29.440573396168446,5.732312953852915,0.8263423249562706,-0.23993597194542737,0.9707887151005521,0.0,0.0,-1.4654943925052066E-14,0.9999999999999853,0.9707887151005521,0.23993597194541277,-1.4654943925052066E-14,0.015
29.344,6.2374,0.9,-0.2565408962913329,0.9665333768318701,0.0,0.0,-1.4654943925052066E-14,0.9999999999999853,0.9665333768318701,0.25654089629131827,-1.4654943925052066E-14,0.015
29.174424098073622,6.960195124831146,1.0063542242046974,-0.28038176423183314,0.9598885697238079,0.0,0.0,1.199040866595169E-13,1.00000000000012,0.9598885697238079,0.28038176423195316,1.199040866595169E-13,0.015
29.057,7.4607,1.08,-0.2967907853538915,0.9549425269246252,0.0,0.0,1.1968204205459188E-13,1.0000000000001197,0.9549425269246252,0.2967907853540111,1.1968204205459188E-13,0.015
28.85785426228913,8.175910938728379,1.1863686432877039,-0.3203349741655427,0.947304335642093,0.0,0.0,-3.952393967665557E-14,0.9999999999999605,0.947304335642093,0.3203349741655031,-3.952393967665557E-14,0.015
28.72,8.671,1.26,-0.33651883349316347,0.9416767357773835,0.0,0.0,-3.941291737419306E-14,0.9999999999999606,0.9416767357773835,0.33651883349312406,-3.941291737419306E-14,0.015
28.49019336465062,9.376961257692823,1.3663372605729776,-0.3597121566341204,0.9330633228080514,0.0,0.0,-2.2093438190040615E-14,0.9999999999999779,0.9330633228080514,0.3597121566340983,-2.2093438190040615E-14,0.015
28.331,9.866,1.44,-0.37565055970098205,0.9267613808291277,0.0,0.0,-2.19824158875781E-14,0.999999999999978,0.9267613808291277,0.37565055970096006,-2.19824158875781E-14,0.015
28.07226060741792,10.5618790056203,1.5463312572255128,-0.3984650032705841,0.9171835373404965,0.0,0.0,-1.226796442210798E-13,0.9999999999998773,0.9171835373404965,0.3984650032704614,-1.226796442210798E-13,0.015
27.893,11.044,1.62,-0.41412914993874494,0.9102181316425577,0.0,0.0,-1.2301271112846734E-13,0.999999999999877,0.9102181316425577,0.41412914993862193,-1.2301271112846734E-13,0.015
27.605190310726844,11.728360616382574,1.7263772978833019,-0.43653584844648985,0.8996868638705054,0.0,0.0,3.730349362740526E-14,1.0000000000000373,0.8996868638705054,0.43653584844652715,3.730349362740526E-14,0.015
27.406,12.202,1.8,-0.45188744718202944,0.8920749604597975,0.0,0.0,3.708144902248023E-14,1.000000000000037,0.8920749604597975,0.4518874471820666,3.708144902248023E-14,0.015
27.089907512412623,12.873770389508122,1.9063488743284627,-0.47382540871006185,0.8806188063292673,0.0,0.0,3.863576125695545E-14,1.0000000000000386,0.8806188063292673,0.47382540871010054,3.863576125695545E-14,0.015
26.871,13.339,1.98,-0.48884908599969856,0.8723683689344193,0.0,0.0,3.863576125695545E-14,1.0000000000000386,0.8723683689344193,0.4888490859997373,3.863576125695545E-14,0.015
26.52721607542669,13.997033147722798,2.0863249251257665,-0.5102822591343488,0.8600069860255727,0.0,0.0,4.5075054799781356E-14,1.000000000000045,0.8600069860255727,0.5102822591343937,4.5075054799781356E-14,0.015
26.289,14.453,2.16,-0.5249513702823292,0.8511322217133761,0.0,0.0,4.4853010194856324E-14,1.0000000000000449,0.8511322217133761,0.524951370282374,4.4853010194856324E-14,0.015
25.91786085127218,15.095992665311895,2.266377463011159,-0.5458580362417345,0.8378776785846134,0.0,0.0,2.5757174171303632E-14,1.0000000000000258,0.8378776785846134,0.5458580362417601,2.5757174171303632E-14,0.015
25.661,15.541,2.34,-0.5601321909893455,0.8284032403470531,0.0,0.0,2.531308496145357E-14,1.0000000000000253,0.8284032403470531,0.5601321909893707,2.531308496145357E-14,0.015
25.263330926013133,16.167934453937693,2.4463602278122383,-0.5804623565827337,0.8142870824165275,0.0,0.0,1.5543122344752192E-15,1.0000000000000016,0.8142870824165275,0.5804623565827354,1.5543122344752192E-15,0.015
24.988,16.602,2.52,-0.594330607019875,0.8042208213913565,0.0,0.0,1.5543122344752192E-15,1.0000000000000016,0.8042208213913565,0.5943306070198764,1.5543122344752192E-15,0.015
24.564392625148326,17.211711033259316,2.626344947661509,-0.6140459784676516,0.7892702555700604,0.0,0.0,-9.836575998178887E-14,0.9999999999999016,0.7892702555700604,0.6140459784675532,-9.836575998178887E-14,0.015
24.271,17.634,2.7,-0.6274813091470315,0.7786316244997079,0.0,0.0,-9.847678228425139E-14,0.9999999999999015,0.7786316244997079,0.627481309146933,-9.847678228425139E-14,0.015
23.821777068443712,18.225082804679325,2.8063949048422785,-0.6465672064403015,0.7628570295645006,0.0,0.0,-1.5765166949677223E-14,0.9999999999999842,0.7628570295645006,0.6465672064402856,-1.5765166949677223E-14,0.015
23.511,18.634,2.88,-0.659539736019279,0.7516696991442511,0.0,0.0,-1.587618925213974E-14,0.9999999999999841,0.7516696991442511,0.6595397360192631,-1.587618925213974E-14,0.015
23.03797759535844,19.206233096251776,2.986297169582373,-0.6779309036698056,0.735125628616894,0.0,0.0,-8.892886427247504E-14,0.9999999999999111,0.735125628616894,0.6779309036697166,-8.892886427247504E-14,0.015
22.71,19.603,3.06,-0.6904398323267347,0.7233898243247381,0.0,0.0,-8.892886427247504E-14,0.9999999999999111,0.7233898243247381,0.6904398323266457,-8.892886427247504E-14,0.015
22.212925603630165,20.15445114365405,3.1663892881647686,-0.7081349158330361,0.706077149451914,0.0,0.0,3.1086244689504383E-15,1.000000000000003,0.706077149451914,0.7081349158330392,3.1086244689504383E-15,0.015
21.869,20.536,3.24,-0.7201247672417379,0.6938445932664133,0.0,0.0,3.1086244689504383E-15,1.000000000000003,0.6938445932664133,0.7201247672417409,3.1086244689504383E-15,0.015
21.34967121524241,21.066554321629486,3.3463471914179364,-0.7370743800712458,0.6758116292596266,0.0,0.0,-7.194245199571014E-14,0.9999999999999281,0.6758116292596266,0.7370743800711739,-7.194245199571014E-14,0.015
20.99,21.434,3.42,-0.7485491807508156,0.6630792742932378,0.0,0.0,-7.183142969324763E-14,0.9999999999999282,0.6630792742932378,0.7485491807507437,-7.183142969324763E-14,0.015
20.44874562635687,21.94216458660818,3.5263600297552,-0.7647307929971552,0.6443499159943782,0.0,0.0,4.241051954068098E-14,1.0000000000000424,0.6443499159943782,0.7647307929971976,4.241051954068098E-14,0.015
20.074,22.294,3.6,-0.7756604816465162,0.6311503919129842,0.0,0.0,4.241051954068098E-14,1.0000000000000424,0.6311503919129842,0.7756604816465587,4.241051954068098E-14,0.015
19.512027184197432,22.77915213646047,3.706367094473672,-0.7910426856674736,0.6117609577702371,0.0,0.0,-7.815970093361102E-14,0.9999999999999218,0.6117609577702371,0.7910426856673953,-7.815970093361102E-14,0.015
19.123,23.115,3.78,-0.8014077871158185,0.5981183484479438,0.0,0.0,-7.827072323607354E-14,0.9999999999999217,0.5981183484479438,0.8014077871157402,-7.827072323607354E-14,0.015
18.54125045624399,23.57626537428776,3.8863095612955147,-0.8159590274729833,0.5781097348127796,0.0,0.0,-1.1146639167236572E-13,0.9999999999998885,0.5781097348127796,0.8159590274728719,-1.1146639167236572E-13,0.015
18.138,23.896,3.96,-0.8257529300243394,0.564032001358238,0.0,0.0,-1.1179945857975326E-13,0.9999999999998882,0.564032001358238,0.8257529300242276,-1.1179945857975326E-13,0.015
17.53711748660597,24.332038638038146,4.066350887326377,-0.8394577500439585,0.5434249588408274,0.0,0.0,6.261657858885883E-14,1.0000000000000626,0.5434249588408274,0.8394577500440212,6.261657858885883E-14,0.015
17.121,24.634,4.14,-0.8486476644823993,0.5289585442816743,0.0,0.0,6.261657858885883E-14,1.0000000000000626,0.5289585442816743,0.8486476644824619,6.261657858885883E-14,0.015
16.502906262087933,25.045274609547608,4.246364123158864,-0.8614778166442495,0.5077952061903277,0.0,0.0,7.438494264988549E-14,1.0000000000000744,0.5077952061903277,0.861477816644324,7.438494264988549E-14,0.015
16.075,25.33,4.32,-0.8700514947062395,0.4929608468828511,0.0,0.0,7.438494264988549E-14,1.0000000000000744,0.4929608468828511,0.870051494706314,7.438494264988549E-14,0.015
15.439946009807167,25.714576881502822,4.426334621613684,-0.88198322787694,0.4712807928865286,0.0,0.0,-7.960299086562372E-14,0.9999999999999204,0.4712807928865286,0.8819832278768603,-7.960299086562372E-14,0.015
15.0,25.981,4.5,-0.8899328954013941,0.45609148389602056,0.0,0.0,-7.938094626069869E-14,0.9999999999999206,0.45609148389602056,0.8899328954013147,-7.938094626069869E-14,0.015
14.349344313686176,26.33853559511341,4.606374226645312,-0.9009480234451388,0.4339270204196645,0.0,0.0,-4.9404924595819466E-14,0.9999999999999506,0.4339270204196645,0.9009480234450894,-4.9404924595819466E-14,0.015
13.899,26.586,4.68,-0.9082492155454959,0.4184296386024564,0.0,0.0,-4.973799150320701E-14,0.9999999999999503,0.4184296386024564,0.908249215545446,-4.973799150320701E-14,0.015
13.234009890354788,26.916132745374487,4.786303925165309,-0.918323842106193,0.3958299142552637,0.0,0.0,5.839773109528323E-14,1.0000000000000584,0.3958299142552637,0.9183238421062514,5.839773109528323E-14,0.015
12.773,27.145,4.86,-0.9249785196655573,0.38001939181747424,0.0,0.0,5.861977570020827E-14,1.0000000000000586,0.38001939181747424,0.9249785196656158,5.861977570020827E-14,0.015
12.094737036796783,27.44690973362094,4.966347851373326,-0.9340974883830088,0.3570180418361907,0.0,0.0,-5.1736392947532295E-14,0.9999999999999483,0.3570180418361907,0.9340974883829569,-5.1736392947532295E-14,0.015
11.625,27.656,5.04,-0.9400780596808903,0.340959296260721,0.0,0.0,-5.1958437552457326E-14,0.999999999999948,0.340959296260721,0.9400780596808385,-5.1958437552457326E-14,0.015
10.934629863225734,27.929074489032285,5.146392658064527,-0.9482313989544451,0.31758024818444425,0.0,0.0,-2.731148640577885E-14,0.9999999999999727,0.31758024818444425,0.9482313989544178,-2.731148640577885E-14,0.015
10.457,28.118,5.22,-0.9535323242378743,0.30129073439705184,0.0,0.0,-2.7644553313166398E-14,0.9999999999999724,0.30129073439705184,0.9535323242378467,-2.7644553313166398E-14,0.015
9.756023744416774,28.362588427991113,5.3263427947787445,-0.9606950247752474,0.2776059606206192,0.0,0.0,1.254552017826427E-13,1.0000000000001255,0.2776059606206192,0.9606950247753728,1.254552017826427E-13,0.015
9.2705,28.532,5.4,-0.9653116380869697,0.2611004430748057,0.0,0.0,1.2589929099249275E-13,1.000000000000126,0.2611004430748057,0.9653116380870956,1.2589929099249275E-13,0.015
8.559737514632339,28.746487307497265,5.506357342560628,-0.9714775031130491,0.23713173753262307,0.0,0.0,9.126033262418787E-14,1.0000000000000913,0.23713173753262307,0.9714775031131403,9.126033262418787E-14,0.015
8.0676,28.895,5.58,-0.9753983601128834,0.22044962936939225,0.0,0.0,9.08162434143378E-14,1.0000000000000908,0.22044962936939225,0.9753983601129742,9.08162434143378E-14,0.015
7.348433487579877,29.079356217135057,5.686359356039456,-0.980555390650546,0.19624251798769768,0.0,0.0,-8.448797217397441E-14,0.9999999999999155,0.19624251798769768,0.9805553906504615,-8.448797217397441E-14,0.015
6.8505,29.207,5.76,-0.9837742494220495,0.17941077496650099,0.0,0.0,-8.459899447643693E-14,0.9999999999999154,0.17941077496650099,0.9837742494219648,-8.459899447643693E-14,0.015
6.124390317413287,29.361780519760572,5.866337761667569,-0.9879128844936087,0.15501010499808796,0.0,0.0,2.1760371282653068E-14,1.0000000000000218,0.15501010499808796,0.9879128844936306,2.1760371282653068E-14,0.015
5.6214,29.469,5.94,-0.9904251606732657,0.1380507193220526,0.0,0.0,2.1538326677728037E-14,1.0000000000000215,0.1380507193220526,0.9904251606732873,2.1538326677728037E-14,0.015
4.889324423333241,29.59249971387792,6.046363389942705,-0.9935383264626799,0.11349710943340284,0.0,0.0,4.6851411639181606E-14,1.0000000000000469,0.11349710943340284,0.9935383264627269,4.6851411639181606E-14,0.015
4.3825,29.678,6.12,-0.995337178994979,0.09645672662037413,0.0,0.0,4.6629367034256575E-14,1.0000000000000466,0.09645672662037413,0.9953371789950256,4.6629367034256575E-14,0.015
3.6459707483162176,29.771351212711405,6.2263494828357775,-0.9974192852918744,0.07179672226394682,0.0,0.0,-1.2212453270876722E-14,0.9999999999999878,0.07179672226394682,0.9974192852918622,-1.2212453270876722E-14,0.015
3.1359,29.836,6.3,-0.9985032626826396,0.0546921787107043,0.0,0.0,-1.2323475573339238E-14,0.9999999999999877,0.0546921787107043,0.9985032626826272,-1.2323475573339238E-14,0.015
2.3960745583310956,29.89803615347008,6.406347691662996,-0.9995508825569831,0.029967201730496967,0.0,0.0,8.770761894538737E-14,1.0000000000000877,0.029967201730496967,0.9995508825570708,8.770761894538737E-14,0.015
1.8837,29.941,6.48,-0.9999176668828308,0.012831970059046332,0.0,0.0,8.770761894538737E-14,1.0000000000000877,0.012831970059046332,0.9999176668829185,8.770761894538737E-14,0.015
1.1419152584666254,29.971724776817293,6.586354996675249,-0.9997486992642315,-0.00407285164210782,0.0,0.0,-0.9668698292754816,0.03313017072451836,-0.00407285164210782,0.03287886998874981,-0.9668698292754816,0.015
0.6282699999999999,29.993,6.66,-0.9995779033355686,-0.02905193906210911,0.0,0.0,-6.616929226765933E-14,0.9999999999999338,-0.02905193906210911,0.9995779033355026,-6.616929226765933E-14,0.015
-0.11415117856416179,29.993,6.766352214924753,-0.9985528469358985,-0.053779288543194886,0.0,0.0,3.441691376337985E-14,1.0000000000000344,-0.053779288543194886,0.9985528469359328,3.441691376337985E-14,0.015
-0.62827,29.993,6.84,-0.9974845426267697,-0.07088432281304727,0.0,0.0,3.4638958368304884E-14,1.0000000000000346,-0.07088432281304727,0.9974845426268044,3.4638958368304884E-14,0.015
-1.3700547415333744,29.962275223182704,6.9463549966752485,-0.9954249762451379,-0.0955464110648087,0.0,0.0,-1.2034817586936697E-13,0.9999999999998797,-0.0955464110648087,0.9954249762450176,-1.2034817586936697E-13,0.015
-1.8837000000000002,29.941,7.02,-0.9936415114789355,-0.1125901712666557,0.0,0.0,-1.2068124277675452E-13,0.9999999999998793,-0.1125901712666557,0.993641511478815,-1.2068124277675452E-13,0.015
-2.623525441668904,29.878963846529917,7.126347691662995,-0.9905511133626835,-0.1371440549785023,0.0,0.0,-9.103828801926284E-14,0.999999999999909,-0.1371440549785023,0.9905511133625924,-9.103828801926284E-14,0.015
-3.1359,29.836,7.2,-0.988055131724668,-0.1541008003630963,0.0,0.0,-9.070522111187529E-14,0.9999999999999093,-0.1541008003630963,0.9880551317245773,-9.070522111187529E-14,0.015
-3.8724292516837826,29.742648787288594,7.306349482835778,-0.9839391616005153,-0.1785041351590248,0.0,0.0,-1.1224354778960333E-13,0.9999999999998878,-0.1785041351590248,0.9839391616004031,-1.1224354778960333E-13,0.015
-4.3825,29.678,7.38,-0.9807353702764091,-0.1953410696417688,0.0,0.0,-1.1191048088221578E-13,0.9999999999998881,-0.1953410696417688,0.9807353702762973,-1.1191048088221578E-13,0.015
-5.11457557666676,29.55450028612208,7.486363389942705,-0.9756000685593976,-0.21955524641170338,0.0,0.0,1.0724754417879012E-13,1.0000000000001072,-0.21955524641170338,0.975600068559505,1.0724754417879012E-13,0.015
-5.6214,29.469,7.56,-0.9716944728657044,-0.23624108745568986,0.0,0.0,1.0702549957386509E-13,1.000000000000107,-0.23624108745568986,0.9716944728658113,1.0702549957386509E-13,0.015
-6.347509682586714,29.31421948023943,7.6663377616675685,-0.9655522152168909,-0.26020937663689775,0.0,0.0,1.176836406102666E-13,1.0000000000001177,-0.26020937663689775,0.9655522152170086,1.176836406102666E-13,0.015
-6.8505,29.207,7.74,-0.9609505473095354,-0.2767201576060433,0.0,0.0,1.176836406102666E-13,1.0000000000001177,-0.2767201576060433,0.9609505473096531,1.176836406102666E-13,0.015
-7.569666512420124,29.022643782864943,7.846359356039456,-0.9538074835096726,-0.3004185154096533,0.0,0.0,-6.061817714453355E-14,0.9999999999999394,-0.3004185154096533,0.953807483509612,-6.061817714453355E-14,0.015
-8.0676,28.895,7.92,-0.948519170615203,-0.31671972306037616,0.0,0.0,-6.039613253960852E-14,0.9999999999999396,-0.31671972306037616,0.9485191706151426,-6.039613253960852E-14,0.015
-8.778362485367662,28.680512692502734,8.026357342560628,-0.9403905195589106,-0.34009656088192475,0.0,0.0,-7.882583474838611E-14,0.9999999999999212,-0.34009656088192475,0.9403905195588318,-7.882583474838611E-14,0.015
-9.2705,28.532,8.1,-0.9344243534932095,-0.35616165936100846,0.0,0.0,-7.860379014346108E-14,0.9999999999999214,-0.35616165936100846,0.9344243534931309,-7.860379014346108E-14,0.015
-9.971476255583227,28.287411572008885,8.206342794778744,-0.9253249236544621,-0.3791751385097117,0.0,0.0,-3.2862601528904634E-14,0.9999999999999671,-0.3791751385097117,0.9253249236544292,-3.2862601528904634E-14,0.015
-10.457,28.118,8.28,-0.9186897627484021,-0.3949798979964417,0.0,0.0,-3.2529534621517087E-14,0.9999999999999675,-0.3949798979964417,0.9186897627483696,-3.2529534621517087E-14,0.015
-11.147370136774267,27.844925510967713,8.386392658064528,-0.9086283021445204,-0.41760580520627466,0.0,0.0,8.171241461241152E-14,1.0000000000000817,-0.41760580520627466,0.9086283021446021,8.171241461241152E-14,0.015
-11.625,27.656,8.46,-0.901340870830895,-0.43311041844986836,0.0,0.0,8.215650382226158E-14,1.0000000000000822,-0.43311041844986836,0.9013408708309771,8.215650382226158E-14,0.015
-12.303262963203217,27.354090266379057,8.566347851373328,-0.8903491748025198,-0.4552783180961415,0.0,0.0,-9.336975637097567E-14,0.9999999999999066,-0.4552783180961415,0.8903491748024265,-9.336975637097567E-14,0.015
-12.773,27.145,8.64,-0.8824168774410525,-0.4704683351801274,0.0,0.0,-9.336975637097567E-14,0.9999999999999066,-0.4704683351801274,0.882416877440959,-9.336975637097567E-14,0.015
-13.437990109645211,26.81486725462551,8.746303925165309,-0.8705087146327063,-0.4921530023768393,0.0,0.0,9.126033262418787E-14,1.0000000000000913,-0.4921530023768393,0.8705087146327974,9.126033262418787E-14,0.015
-13.899,26.586,8.82,-0.8619401276964269,-0.5070100751135943,0.0,0.0,9.126033262418787E-14,1.0000000000000913,-0.5070100751135943,0.8619401276965181,9.126033262418787E-14,0.015
-14.549655686313823,26.22846440488659,8.926374226645311,-0.8491260526610698,-0.5281902561504059,0.0,0.0,4.218847493575595E-15,1.0000000000000042,-0.5281902561504059,0.8491260526610741,4.218847493575595E-15,0.015
-15.0,25.981,9.0,-0.8399517311003033,-0.542661118398587,0.0,0.0,4.6629367034256575E-15,1.0000000000000047,-0.542661118398587,0.839951731100308,4.6629367034256575E-15,0.015
-15.635053990192832,25.596423118497178,9.106334621613684,-0.8262672040323955,-0.5632783570673103,0.0,0.0,-1.13464793116691E-13,0.9999999999998865,-0.5632783570673103,0.826267204032282,-1.13464793116691E-13,0.015
-16.075,25.33,9.18,-0.8164898000825178,-0.5773598586333901,0.0,0.0,-1.1379786002407855E-13,0.9999999999998862,-0.5773598586333901,0.816489800082404,-1.1379786002407855E-13,0.015
-16.693093737912065,24.91872539045239,9.286364123158863,-0.8019523608845229,-0.5973879902306265,0.0,0.0,1.1945999744966684E-13,1.0000000000001195,-0.5973879902306265,0.8019523608846424,1.1945999744966684E-13,0.015
-17.121,24.634,9.36,-0.7915998252147529,-0.6110398650824858,0.0,0.0,1.1945999744966684E-13,1.0000000000001195,-0.6110398650824858,0.7915998252148724,1.1945999744966684E-13,0.015
-17.721882513394032,24.197961361961855,9.466350887326376,-0.776237627273283,-0.6304404381106868,0.0,0.0,1.1435297153639112E-13,1.0000000000001144,-0.6304404381106868,0.7762376272733975,1.1435297153639112E-13,0.015
-18.138,23.896,9.54,-0.7653199904717394,-0.6436499919866312,0.0,0.0,1.141309269314661E-13,1.0000000000001141,-0.6436499919866312,0.7653199904718535,1.141309269314661E-13,0.015
-18.719749543756013,23.434734625712238,9.646309561295515,-0.7491606832836706,-0.6623883080353371,0.0,0.0,-5.417888360170764E-14,0.9999999999999458,-0.6623883080353371,0.7491606832836164,-5.417888360170764E-14,0.015
-19.123,23.115,9.72,-0.7376897950329331,-0.6751398124123926,0.0,0.0,-5.4289905904170155E-14,0.9999999999999457,-0.6751398124123926,0.7376897950328788,-5.4289905904170155E-14,0.015
-19.68497281580257,22.629847863539528,9.826367094473673,-0.7207533917558961,-0.6931915667925992,0.0,0.0,1.199040866595169E-14,1.000000000000012,-0.6931915667925992,0.7207533917559082,1.199040866595169E-14,0.015
-20.074,22.294,9.9,-0.708769820504062,-0.7054398213473967,0.0,0.0,1.2434497875801753E-14,1.0000000000000124,-0.7054398213473967,0.7087698205040746,1.2434497875801753E-14,0.015
-20.61525437364313,21.785835413391823,10.0063600297552,-0.6910952846721445,-0.722763659507035,0.0,0.0,1.1945999744966684E-13,1.0000000000001195,-0.722763659507035,0.6910952846722639,1.1945999744966684E-13,0.015
-20.99,21.434,10.08,-0.6786093953253294,-0.7344993455247374,0.0,0.0,1.1945999744966684E-13,1.0000000000001195,-0.7344993455247374,0.6786093953254487,1.1945999744966684E-13,0.015
-21.50932878475759,20.903445678370517,10.186347191417937,-0.6602278113595546,-0.7510654013515764,0.0,0.0,4.729550084903167E-14,1.0000000000000473,-0.7510654013515764,0.6602278113596017,4.729550084903167E-14,0.015
-21.869,20.536,10.26,-0.6472596567906412,-0.76226959580669,0.0,0.0,4.707345624410664E-14,1.000000000000047,-0.76226959580669,0.6472596567906883,4.707345624410664E-14,0.015
-22.366074396369836,19.984548856345953,10.366389288164768,-0.6281892201989728,-0.7780606040829054,0.0,0.0,6.616929226765933E-14,1.0000000000000662,-0.7780606040829054,0.6281892201990391,6.616929226765933E-14,0.015
-22.71,19.603,10.44,-0.6147682734257032,-0.7887077849173489,0.0,0.0,6.639133687258436E-14,1.0000000000000664,-0.7887077849173489,0.6147682734257695,6.639133687258436E-14,0.015
-23.18302240464156,19.030766903748226,10.546297169582372,-0.5950717484588943,-0.8036725789686028,0.0,0.0,-3.608224830031759E-14,0.9999999999999639,-0.8036725789686028,0.5950717484588582,-3.608224830031759E-14,0.015
-23.511,18.634,10.62,-0.5812003552297806,-0.8137604973705388,0.0,0.0,-3.574918139293004E-14,0.9999999999999643,-0.8137604973705388,0.5812003552297449,-3.574918139293004E-14,0.015
-23.960222931556288,18.042917195320676,10.726394904842278,-0.560880043236373,-0.8278970812239645,0.0,0.0,-5.329070518200751E-15,0.9999999999999947,-0.8278970812239645,0.5608800432363676,-5.329070518200751E-15,0.015
-24.271,17.634,10.8,-0.5466203583644267,-0.8373805489868636,0.0,0.0,-5.10702591327572E-15,0.9999999999999949,-0.8373805489868636,0.5466203583644216,-5.10702591327572E-15,0.015
-24.694607374851675,17.024288966740684,10.906344947661509,-0.5257287734354805,-0.8506522537336157,0.0,0.0,5.750955267558311E-14,1.0000000000000575,-0.8506522537336157,0.5257287734355379,5.750955267558311E-14,0.015
-24.988,16.602,10.98,-0.5110696022602086,-0.8595393310638255,0.0,0.0,5.773159728050814E-14,1.0000000000000577,-0.8595393310638255,0.5110696022602664,5.773159728050814E-14,0.015
-25.38566907398687,15.975065546062307,11.08636022781224,-0.4896409717099356,-0.8719241474022,0.0,0.0,1.0125233984581428E-13,1.0000000000001013,-0.8719241474022,0.4896409717100369,1.0125233984581428E-13,0.015
-25.661,15.541,11.16,-0.47462808416755164,-0.880186447134666,0.0,0.0,1.0147438445073931E-13,1.0000000000001015,-0.880186447134666,0.4746280841676531,1.0147438445073931E-13,0.015
-26.032139148727822,14.898007334688105,11.266377463011159,-0.4526940717366017,-0.8916659001075878,0.0,0.0,1.2634338020234281E-13,1.0000000000001263,-0.8916659001075878,0.45269407173672804,1.2634338020234281E-13,0.015
-26.289,14.453,11.34,-0.437350540871677,-0.8992911121541199,0.0,0.0,1.2656542480726785E-13,1.0000000000001266,-0.8992911121541199,0.43735054087180353,1.2656542480726785E-13,0.015
-26.63278392457331,13.794966852277202,11.446324925125767,-0.4149699985062535,-0.9098350951352063,0.0,0.0,-2.5757174171303632E-14,0.9999999999999742,-0.9098350951352063,0.4149699985062278,-2.5757174171303632E-14,0.015
-26.871,13.339,11.52,-0.39931218580097183,-0.916815018567442,0.0,0.0,-2.5979218776228663E-14,0.999999999999974,-0.916815018567442,0.39931218580094585,-2.5979218776228663E-14,0.015
-27.187092487587375,12.667229610491878,11.626348874328462,-0.37650302408083836,-0.9264153889363287,0.0,0.0,5.262457136723242E-14,1.0000000000000526,-0.9264153889363287,0.3765030240808909,5.262457136723242E-14,0.015
-27.406,12.202,11.7,-0.36057072514448085,-0.932731875819011,0.0,0.0,5.284661597215745E-14,1.0000000000000528,-0.932731875819011,0.36057072514453364,5.284661597215745E-14,0.015
-27.693809689273156,11.517639383617427,11.806377297883301,-0.33737549786097565,-0.9413701575060163,0.0,0.0,-1.1834977442504169E-13,0.9999999999998817,-0.9413701575060163,0.33737549786085735,-1.1834977442504169E-13,0.015
-27.893,11.044,11.88,-0.32120042075684707,-0.9470112405380748,0.0,0.0,-1.1857181902996672E-13,0.9999999999998814,-0.9470112405380748,0.3212004207567285,-1.1857181902996672E-13,0.015
-28.15173939258208,10.3481209943797,11.986331257225514,-0.29767035522150664,-0.9546687172115701,0.0,0.0,5.88418203051333E-14,1.0000000000000588,-0.9546687172115701,0.29767035522156554,5.88418203051333E-14,0.015
-28.331,9.866,12.06,-0.28126043250852006,-0.9596314756744931,0.0,0.0,5.928590951498336E-14,1.0000000000000593,-0.9596314756744931,0.2812604325085793,5.928590951498336E-14,0.015
-28.56080663534938,9.160038742307176,12.166337260572977,-0.2574248506234452,-0.9662983215763747,0.0,0.0,-1.199040866595169E-13,0.9999999999998801,-0.9662983215763747,0.2574248506233254,-1.199040866595169E-13,0.015
-28.72,8.671,12.24,-0.2408199521612121,-0.9705698071962108,0.0,0.0,-1.1968204205459188E-13,0.9999999999998803,-0.9705698071962108,0.24081995216109248,-1.1968204205459188E-13,0.015
-28.919145737710867,7.955789061271622,12.346368643287704,-0.2167269155506324,-0.9762322695322149,0.0,0.0,7.016609515630989E-14,1.0000000000000702,-0.9762322695322149,0.21672691555070267,7.016609515630989E-14,0.015
-29.057,7.4607,12.42,-0.1999703958517327,-0.9798019395689179,0.0,0.0,7.016609515630989E-14,1.0000000000000702,-0.9798019395689179,0.19997039585180276,7.016609515630989E-14,0.015
-29.226575901926378,6.737904875168854,12.526354224204697,-0.17565848684831986,-0.9844511648619519,0.0,0.0,-6.350475700855895E-14,0.9999999999999365,-0.9844511648619519,0.1756584868482564,-6.350475700855895E-14,0.015
-29.344,6.2374,12.6,-0.15875956182426743,-0.9873172750080188,0.0,0.0,-6.339373470609644E-14,0.9999999999999366,-0.9873172750080188,0.15875956182420403,-6.339373470609644E-14,0.015
-29.483426603831553,5.508187046147085,12.70634232495627,-0.13428275251310995,-0.9909430570813365,0.0,0.0,1.1657341758564144E-13,1.0000000000001166,-0.9909430570813365,0.13428275251322658,1.1657341758564144E-13,0.015
-29.58,5.0031,12.78,-0.1172798704995357,-0.9930989034209119,0.0,0.0,1.163513729807164E-13,1.0000000000001164,-0.9930989034209119,0.11727987049965216,1.163513729807164E-13,0.015
-29.688128313968694,4.268595589647629,12.886355718657732,-0.0926680971604994,-0.9956970542131584,0.0,0.0,5.995204332975845E-14,1.00000000000006,-0.9956970542131584,0.09266809716055935,5.995204332975845E-14,0.015
-29.763,3.76,12.96,-0.07559191193299886,-0.9971388383020819,0.0,0.0,6.039613253960852E-14,1.0000000000000604,-0.9971388383020819,0.07559191193305936,6.039613253960852E-14,0.015
-29.84098481682305,3.0216846546684577,13.06634293203143,-0.05089450838587495,-0.9987040347452151,0.0,0.0,1.1146639167236572E-13,1.0000000000001115,-0.9987040347452151,0.050894508385986414,1.1146639167236572E-13,0.015
-29.895,2.5103,13.14,-0.033768988682876144,-0.9994296650608041,0.0,0.0,1.1146639167236572E-13,1.0000000000001115,-0.9994296650608041,0.033768988682987555,1.1146639167236572E-13,0.015
-29.941678772116266,1.7693483514709252,13.246356695961111,-0.00902521254811317,-0.9999592719398713,0.0,0.0,2.8421709430404007E-14,1.0000000000000284,-0.9999592719398713,0.009025212548141592,2.8421709430404007E-14,0.015
-29.974,1.2563,13.32,0.008111976453249792,-0.9999670973777479,0.0,0.0,2.7977620220553945E-14,1.000000000000028,-0.9999670973777479,-0.008111976453221814,2.7977620220553945E-14,0.015
-29.989361639011808,0.5140374195948716,13.426349808543275,0.0328548030244753,-0.9994601352320553,0.0,0.0,-6.994405055138486E-14,0.9999999999999301,-0.9994601352320553,-0.03285480302454524,-6.994405055138486E-14,0.015
-30.0,-6.283862319378386E-14,13.5,0.04997901342076805,-0.9987502681938765,0.0,0.0,-6.972200594645983E-14,0.9999999999999303,-0.9987502681938765,-0.049979013420837826,-6.972200594645983E-14,0.015
-29.984638360988193,-0.7422625804051899,13.606349808543285,0.07467934672707499,-0.997207598833958,0.0,0.0,-1.0669243266647754E-13,0.9999999999998933,-0.997207598833958,-0.07467934672718168,-1.0669243266647754E-13,0.015
-29.974,-1.2563,13.68,0.09175911366742784,-0.995781233534121,0.0,0.0,-1.0658141036401503E-13,0.9999999999998934,-0.995781233534121,-0.09175911366753442,-1.0658141036401503E-13,0.015
-29.927321227883734,-1.9972516485290748,13.78635669596111,0.1163754235547354,-0.9932052963976976,0.0,0.0,-7.882583474838611E-15,0.9999999999999921,-0.9932052963976976,-0.11637542355474328,-7.882583474838611E-15,0.015
-29.895,-2.5103,13.86,0.13337933515234512,-0.9910650598998535,0.0,0.0,-7.993605777301127E-15,0.999999999999992,-0.9910650598998535,-0.13337933515235312,-7.993605777301127E-15,0.015
-29.817015183176952,-3.248615345331542,13.966342932031429,0.1578598371019564,-0.9874615292913009,0.0,0.0,7.37188088351104E-14,1.0000000000000737,-0.9874615292913009,-0.15785983710188256,7.37188088351104E-14,0.015
-29.763,-3.76,14.04,0.17476018265078697,-0.9846110290668275,0.0,0.0,7.37188088351104E-14,1.0000000000000737,-0.9846110290668275,-0.1747601826507132,7.37188088351104E-14,0.015
-29.654871686031306,-4.494504410352371,14.146355718657732,0.19907435107960003,-0.9799843890297893,0.0,0.0,-6.106226635438361E-14,0.9999999999999389,-0.9799843890297893,-0.19907435107966115,-6.106226635438361E-14,0.015
-29.58,-5.0031,14.22,0.21583973554245173,-0.9764288036312815,0.0,0.0,-6.117328865684613E-14,0.9999999999999388,-0.9764288036312815,-0.2158397355425129,-6.117328865684613E-14,0.015
-29.440573396168446,-5.732312953852915,14.32634232495627,0.23993597194539773,-0.9707887151005519,0.0,0.0,-1.4876988529977098E-14,0.9999999999999851,-0.9707887151005519,-0.23993597194541255,-1.4876988529977098E-14,0.015
-29.344,-6.2374,14.4,0.2565408962913036,-0.9665333768318701,0.0,0.0,-1.4654943925052066E-14,0.9999999999999853,-0.9665333768318701,-0.25654089629131827,-1.4654943925052066E-14,0.015
-29.174424098073622,-6.960195124831146,14.506354224204697,0.28038176423207317,-0.959888569723808,0.0,0.0,1.2012613126444194E-13,1.0000000000001201,-0.959888569723808,-0.28038176423195305,1.2012613126444194E-13,0.015
-29.057,-7.4607,14.58,0.2967907853541307,-0.9549425269246253,0.0,0.0,1.1968204205459188E-13,1.0000000000001197,-0.9549425269246253,-0.29679078535401104,1.1968204205459188E-13,0.015
-28.85785426228913,-8.175910938728379,14.686368643287704,0.3203349741654635,-0.9473043356420932,0.0,0.0,-3.952393967665557E-14,0.9999999999999605,-0.9473043356420932,-0.320334974165503,-3.952393967665557E-14,0.015
-28.72,-8.671,14.76,0.336518833493084,-0.9416767357773833,0.0,0.0,-3.9745984281580604E-14,0.9999999999999603,-0.9416767357773833,-0.3365188334931237,-3.9745984281580604E-14,0.015
-28.49019336465062,-9.376961257692823,14.866337260572976,0.35971215663407574,-0.9330633228080512,0.0,0.0,-2.2315482794965646E-14,0.9999999999999777,-0.9330633228080512,-0.35971215663409806,-2.2315482794965646E-14,0.015
-28.331,-9.866,14.94,0.37565055970093764,-0.9267613808291275,0.0,0.0,-2.220446049250313E-14,0.9999999999999778,-0.9267613808291275,-0.37565055970095984,-2.220446049250313E-14,0.015
-28.07226060741792,-10.5618790056203,15.046331257225512,0.39846500327033874,-0.9171835373404965,0.0,0.0,-1.226796442210798E-13,0.9999999999998773,-0.9171835373404965,-0.3984650032704614,-1.226796442210798E-13,0.015
-27.893,-11.044,15.12,0.4141291499384989,-0.9102181316425577,0.0,0.0,-1.2301271112846734E-13,0.999999999999877,-0.9102181316425577,-0.41412914993862193,-1.2301271112846734E-13,0.015
-27.605190310726844,-11.728360616382574,15.226377297883301,0.436535848446564,-0.899686863870505,0.0,0.0,3.68594044175552E-14,1.0000000000000369,-0.899686863870505,-0.4365358484465271,3.68594044175552E-14,0.015
-27.406,-12.202,15.3,0.4518874471821037,-0.8920749604597975,0.0,0.0,3.708144902248023E-14,1.000000000000037,-0.8920749604597975,-0.4518874471820666,3.708144902248023E-14,0.015
-27.089907512412623,-12.873770389508122,15.406348874328463,0.47382540871013923,-0.8806188063292673,0.0,0.0,3.863576125695545E-14,1.0000000000000386,-0.8806188063292673,-0.47382540871010054,3.863576125695545E-14,0.015
-26.871,-13.339,15.48,0.48884908599977606,-0.8723683689344193,0.0,0.0,3.863576125695545E-14,1.0000000000000386,-0.8723683689344193,-0.4888490859997373,3.863576125695545E-14,0.015
-26.52721607542669,-13.997033147722798,15.586324925125767,0.5102822591344387,-0.8600069860255727,0.0,0.0,4.5075054799781356E-14,1.000000000000045,-0.8600069860255727,-0.5102822591343937,4.5075054799781356E-14,0.015
-26.289,-14.453,15.66,0.5249513702824189,-0.8511322217133761,0.0,0.0,4.4853010194856324E-14,1.0000000000000449,-0.8511322217133761,-0.524951370282374,4.4853010194856324E-14,0.015
-25.91786085127218,-15.095992665311895,15.766377463011159,0.5458580362417857,-0.8378776785846133,0.0,0.0,2.55351295663786E-14,1.0000000000000255,-0.8378776785846133,-0.5458580362417602,2.55351295663786E-14,0.015
-25.661,-15.541,15.84,0.5601321909893959,-0.828403240347053,0.0,0.0,2.5091040356528538E-14,1.000000000000025,-0.828403240347053,-0.5601321909893708,2.5091040356528538E-14,0.015
-25.263330926013133,-16.167934453937693,15.946360227812239,0.5804623565827369,-0.8142870824165274,0.0,0.0,1.5543122344752192E-15,1.0000000000000016,-0.8142870824165274,-0.5804623565827354,1.5543122344752192E-15,0.015
-24.988,-16.602,16.02,0.5943306070198779,-0.8042208213913565,0.0,0.0,1.5543122344752192E-15,1.0000000000000016,-0.8042208213913565,-0.5943306070198764,1.5543122344752192E-15,0.015
-24.564392625148326,-17.211711033259316,16.126344947661508,0.6140459784674548,-0.7892702555700604,0.0,0.0,-9.836575998178887E-14,0.9999999999999016,-0.7892702555700604,-0.6140459784675532,-9.836575998178887E-14,0.015
-24.271,-17.634,16.2,0.6274813091468345,-0.7786316244997079,0.0,0.0,-9.847678228425139E-14,0.9999999999999015,-0.7786316244997079,-0.627481309146933,-9.847678228425139E-14,0.015
-23.821777068443712,-18.225082804679325,16.30639490484228,0.6465672064402699,-0.7628570295645006,0.0,0.0,-1.5765166949677223E-14,0.9999999999999842,-0.7628570295645006,-0.6465672064402856,-1.5765166949677223E-14,0.015
-23.511,-18.634,16.38,0.6595397360192472,-0.7516696991442511,0.0,0.0,-1.587618925213974E-14,0.9999999999999841,-0.7516696991442511,-0.6595397360192631,-1.587618925213974E-14,0.015
-23.03797759535844,-19.206233096251776,16.48629716958237,0.6779309036696277,-0.7351256286168941,0.0,0.0,-8.881784197001252E-14,0.9999999999999112,-0.7351256286168941,-0.6779309036697165,-8.881784197001252E-14,0.015
-22.71,-19.603,16.56,0.6904398323265568,-0.7233898243247382,0.0,0.0,-8.881784197001252E-14,0.9999999999999112,-0.7233898243247382,-0.6904398323266456,-8.881784197001252E-14,0.015
-22.212925603630165,-20.15445114365405,16.666389288164766,0.7081349158330423,-0.706077149451914,0.0,0.0,3.1086244689504383E-15,1.000000000000003,-0.706077149451914,-0.7081349158330392,3.1086244689504383E-15,0.015
-21.869,-20.536,16.74,0.7201247672417439,-0.6938445932664133,0.0,0.0,3.1086244689504383E-15,1.000000000000003,-0.6938445932664133,-0.7201247672417409,3.1086244689504383E-15,0.015
-21.34967121524241,-21.066554321629486,16.846347191417937,0.7370743800711019,-0.6758116292596266,0.0,0.0,-7.194245199571014E-14,0.9999999999999281,-0.6758116292596266,-0.7370743800711739,-7.194245199571014E-14,0.015
-20.99,-21.434,16.92,0.7485491807506719,-0.6630792742932378,0.0,0.0,-7.183142969324763E-14,0.9999999999999282,-0.6630792742932378,-0.7485491807507437,-7.183142969324763E-14,0.015
-20.44874562635687,-21.94216458660818,17.026360029755203,0.76473079299724,-0.6443499159943782,0.0,0.0,4.241051954068098E-14,1.0000000000000424,-0.6443499159943782,-0.7647307929971976,4.241051954068098E-14,0.015
-20.074,-22.294,17.1,0.7756604816466011,-0.6311503919129843,0.0,0.0,4.241051954068098E-14,1.0000000000000424,-0.6311503919129843,-0.7756604816465587,4.241051954068098E-14,0.015
-19.512027184197432,-22.77915213646047,17.206367094473674,0.7910426856673172,-0.6117609577702372,0.0,0.0,-7.815970093361102E-14,0.9999999999999218,-0.6117609577702372,-0.7910426856673953,-7.815970093361102E-14,0.015
-19.123,-23.115,17.28,0.801407787115662,-0.5981183484479438,0.0,0.0,-7.827072323607354E-14,0.9999999999999217,-0.5981183484479438,-0.8014077871157402,-7.827072323607354E-14,0.015
-18.54125045624399,-23.57626537428776,17.386309561295516,0.8159590274727604,-0.5781097348127796,0.0,0.0,-1.1146639167236572E-13,0.9999999999998885,-0.5781097348127796,-0.8159590274728719,-1.1146639167236572E-13,0.015
-18.138,-23.896,17.46,0.8257529300241158,-0.564032001358238,0.0,0.0,-1.1179945857975326E-13,0.9999999999998882,-0.564032001358238,-0.8257529300242276,-1.1179945857975326E-13,0.015
-17.53711748660597,-24.332038638038146,17.56635088732638,0.8394577500440839,-0.5434249588408274,0.0,0.0,6.261657858885883E-14,1.0000000000000626,-0.5434249588408274,-0.8394577500440212,6.261657858885883E-14,0.015
-17.121,-24.634,17.64,0.8486476644825245,-0.5289585442816743,0.0,0.0,6.261657858885883E-14,1.0000000000000626,-0.5289585442816743,-0.8486476644824619,6.261657858885883E-14,0.015
-16.502906262087933,-25.045274609547608,17.746364123158866,0.8614778166443984,-0.5077952061903277,0.0,0.0,7.438494264988549E-14,1.0000000000000744,-0.5077952061903277,-0.861477816644324,7.438494264988549E-14,0.015
-16.075,-25.33,17.82,0.8700514947063884,-0.4929608468828511,0.0,0.0,7.438494264988549E-14,1.0000000000000744,-0.4929608468828511,-0.870051494706314,7.438494264988549E-14,0.015
-15.439946009807167,-25.714576881502822,17.926334621613684,0.8819832278767807,-0.4712807928865286,0.0,0.0,-7.960299086562372E-14,0.9999999999999204,-0.4712807928865286,-0.8819832278768603,-7.960299086562372E-14,0.015
-15.0,-25.981,18.0,0.8899328954012353,-0.45609148389602056,0.0,0.0,-7.938094626069869E-14,0.9999999999999206,-0.45609148389602056,-0.8899328954013147,-7.938094626069869E-14,0.015
-14.349344313686176,-26.33853559511341,18.10637422664531,0.90094802344504,-0.4339270204196645,0.0,0.0,-4.9404924595819466E-14,0.9999999999999506,-0.4339270204196645,-0.9009480234450894,-4.9404924595819466E-14,0.015
-13.899,-26.586,18.18,0.9082492155453963,-0.4184296386024564,0.0,0.0,-4.973799150320701E-14,0.9999999999999503,-0.4184296386024564,-0.908249215545446,-4.973799150320701E-14,0.015
-13.234009890354788,-26.916132745374487,18.28630392516531,0.9183238421063098,-0.3958299142552637,0.0,0.0,5.839773109528323E-14,1.0000000000000584,-0.3958299142552637,-0.9183238421062514,5.839773109528323E-14,0.015
-12.773,-27.145,18.36,0.9249785196656743,-0.38001939181747424,0.0,0.0,5.861977570020827E-14,1.0000000000000586,-0.38001939181747424,-0.9249785196656158,5.861977570020827E-14,0.015
-12.094737036796783,-27.44690973362094,18.466347851373325,0.9340974883829052,-0.3570180418361908,0.0,0.0,-5.1736392947532295E-14,0.9999999999999483,-0.3570180418361908,-0.9340974883829569,-5.1736392947532295E-14,0.015
